HCG ra dec z err_z Dist(Mpc) mag_g e_mag_g mag_r e_mag_r mag_i e_mag_i mag_k e_mag_k ext_g ext_r ext_i cork_g cork_r cork_i cork_k Mag_g e_Mag_g Mag_r e_Mag_r Mag_i e_Mag_i Mag_Ks e_Mag_Ks log_SM(H0=70) e_log(SM) R50(arcsec) e_R50(arcsec) R50(kpc) e_R50(kpc) ELLIPTICITY THETA_IMAGE a(arcsec) e_a(arcsec) b(arcsec) e_b(arcsec)
      HCG01c    6.4767   25.7237   0.03354   0.00011   142.663  15.4569   0.0020  14.5678   0.0015  14.1506   0.0018  13.4340   0.0640  0.1407  0.1020  0.0774   0.0857   0.0466   0.0309  -0.0608  -20.6127   0.0020  -21.4240   0.0015  -21.8009   0.0018  -22.3484   0.0640   10.712    0.026   4.503   0.010   3.013   0.007  0.103  36.90 20.836  0.046 18.680  0.041
      HCG01d    6.4950   25.7252   0.03376   0.00016   143.566  16.6062   0.0035  15.8826   0.0029  15.3123   0.0038  14.8900   0.1030  0.1444  0.1047  0.0794   0.0415   0.0782   0.0393  -0.0551  -19.4371   0.0035  -20.1576   0.0029  -20.6638   0.0038  -20.9123   0.1030   10.188    0.041   2.848   0.011   1.918   0.007  0.463 -59.10 14.662  0.057  7.876  0.030
      HCG06a    9.8075   -8.3943   0.03892   0.00015   165.328  15.4997   0.0022  14.6194   0.0014  14.2415   0.0017  13.3490   0.0570  0.1383  0.1003  0.0761   0.1008   0.0437   0.0301  -0.0743  -20.9140   0.0022  -21.6992   0.0014  -22.0393   0.0017  -22.7513   0.0570   10.825    0.023   3.036   0.007   2.342   0.005  0.419  30.90 15.994  0.036  9.295  0.021
      HCG06b    9.7926   -8.3971   0.03795   0.00020   161.243  15.4033   0.0035  14.5354   0.0020  14.1483   0.0025  13.4240   0.0550  0.1379  0.1000  0.0759   0.0980   0.0417   0.0290  -0.0730  -20.9509   0.0035  -21.7246   0.0020  -22.0748   0.0025  -22.6213   0.0550   10.837    0.022   5.620   0.014   4.232   0.011  0.580 -23.60 29.966  0.076 12.589  0.031
      HCG06c    9.7961   -8.3998   0.03658   0.00020   155.480  15.5588   0.0026  14.6885   0.0016  14.2618   0.0021  13.5680   0.0870  0.1380  0.1001  0.0759   0.0895   0.0536   0.0325  -0.0658  -20.7051   0.0026  -21.5016   0.0016  -21.8830   0.0021  -22.4025   0.0870   10.733    0.035   3.870   0.010   2.814   0.007  0.264 -51.50 18.076  0.046 13.307  0.032
      HCG06d    9.7815   -8.4010   0.03814   0.00021   162.043  17.1736   0.0094  16.4591   0.0071  16.2425   0.0092 -99.0000 -99.0000  0.1377  0.0998  0.0757   0.0635   0.0462   0.0036 -99.0000  -19.1570   0.0094  -19.8163   0.0071  -19.9663   0.0092  -99.0000 -99.0000    9.924    0.006   3.436   0.025   2.600   0.019  0.487  -7.50 14.629  0.108  7.508  0.057
      HCG07a    9.8060    0.8643   0.01379   0.00001    58.903  13.0478   0.0005  12.2826   0.0003  11.8818   0.0004  11.0970   0.0230  0.0772  0.0560  0.0425   0.0213   0.0234   0.0142  -0.0242  -20.9311   0.0005  -21.6772   0.0003  -22.0553   0.0004  -22.7592   0.0230   10.724    0.009  13.495   0.007   3.801   0.002  0.592  77.10 67.536  0.036 27.547  0.015
      HCG07b    9.8243    0.9128   0.01419   0.00008    60.632  13.4887   0.0006  12.7147   0.0004  12.3076   0.0005  11.8810   0.0300  0.0753  0.0546  0.0414   0.0236   0.0234   0.0146  -0.0251  -20.5543   0.0006  -21.3075   0.0004  -21.6926   0.0005  -22.0381   0.0300   10.588    0.012   8.415   0.006   2.439   0.002  0.333 -83.10 50.869  0.038 33.943  0.026
      HCG07c    9.8951    0.8599   0.01473   0.00006    62.910  13.2111   0.0008  12.6411   0.0007  12.3203   0.0009  11.8260   0.0850  0.0763  0.0553  0.0420   0.0086   0.0235   0.0105  -0.0260  -20.8991   0.0008  -21.4631   0.0007  -21.7576   0.0009  -22.1734   0.0850   10.565    0.034  24.247   0.018   7.288   0.005  0.234  56.20 77.511  0.057 59.335  0.044
      HCG07d    9.8283    0.8919   0.01375   0.00006    58.729  14.2499   0.0016  13.6270   0.0015  13.3022   0.0019  13.5630   0.0960  0.0758  0.0550  0.0417   0.0189   0.0133   0.0075  -0.0271  -19.7186   0.0016  -20.3152   0.0015  -20.6209   0.0019  -20.2838   0.0960   10.158    0.038  19.493   0.033   5.475   0.009  0.084  32.90 59.704  0.101 54.670  0.090
      HCG08a   12.3923   23.5783   0.05363   0.00012   227.027  14.5722   0.0017  13.6597   0.0011  13.2404   0.0011  12.4830   0.0820  0.1290  0.0936  0.0710   0.1446   0.0667   0.0440  -0.0989  -22.5953   0.0017  -23.3944   0.0011  -23.7684   0.0011  -24.3119   0.0820   11.509    0.033  13.178   0.014  13.767   0.015  0.345  49.50 42.377  0.047 27.768  0.031
      HCG08b   12.3968   23.5916   0.05331   0.00010   225.689  15.9688   0.0029  15.0350   0.0016  14.5828   0.0016  13.5900   0.0830  0.1291  0.0937  0.0710   0.1455   0.0761   0.0494  -0.0955  -21.1861   0.0029  -22.0151   0.0016  -22.4180   0.0016  -23.1948   0.0830   10.961    0.033   3.336   0.008   3.465   0.008  0.355  90.00 17.239  0.039 11.117  0.024
      HCG08c   12.3989   23.5841   0.05677   0.00010   240.152  15.7498   0.0030  14.8464   0.0021  14.3935   0.0021  13.6270   0.0710  0.1284  0.0932  0.0706   0.1505   0.0785   0.0471  -0.1021  -21.5515   0.0030  -22.3476   0.0021  -22.7466   0.0021  -23.2932   0.0710   11.086    0.028   4.230   0.010   4.660   0.011  0.338 -25.90 20.486  0.050 13.563  0.034
      HCG08d   12.4026   23.5734   0.05438   0.00010   230.166  15.5518   0.0022  14.6877   0.0015  14.2790   0.0015  13.1960   0.1000  0.1272  0.0923  0.0700   0.1343   0.0657   0.0396  -0.1006  -21.6349   0.0022  -22.3955   0.0015  -22.7558   0.0015  -23.6286   0.1000   11.089    0.040   6.335   0.010   6.704   0.011  0.356  25.70 23.105  0.037 14.878  0.023
     HCG100a    0.3332   13.1112   0.01790   0.00002    76.400  13.7431   0.0006  12.9742   0.0005  12.5608   0.0007  11.6870   0.0260  0.3058  0.2218  0.1682   0.0249   0.0304   0.0154  -0.0315  -21.0416   0.0006  -21.7320   0.0005  -22.0768   0.0007  -22.7355   0.0260   10.727    0.010   7.025   0.006   2.556   0.002  0.461  -8.90 33.415  0.031 18.025  0.016
     HCG100b    0.3585   13.1130   0.01753   0.00012    74.840  14.9662   0.0018  14.4844   0.0023  14.1737   0.0032  14.0880   0.0970  0.3064  0.2222  0.1685   0.0063   0.0164   0.0036  -0.0340  -19.7549   0.0018  -20.1626   0.0023  -20.4068   0.0032  -20.2864   0.0970   10.013    0.039   7.889   0.020   2.813   0.007  0.326  48.70 31.862  0.082 21.480  0.053
     HCG100c    0.3058   13.1441   0.01822   0.00013    77.747  15.5477   0.0028  14.9773   0.0032  14.6455   0.0041  14.2930   0.1160  0.3092  0.2243  0.1701   0.0136   0.0199   0.0065  -0.0349  -19.2677   0.0028  -19.7595   0.0032  -20.0237   0.0041  -20.1647   0.1160    9.880    0.046   7.642   0.026   2.829   0.010  0.601 -18.40 34.755  0.120 13.878  0.050
     HCG100d    0.3124   13.1126   0.01865   0.00011    79.575  16.3817   0.0045  15.8121   0.0055  15.4306   0.0072  15.9900   0.2640  0.3059  0.2219  0.1683   0.0207   0.0093   0.0055  -0.0398  -18.4890   0.0045  -18.9631   0.0055  -19.2872   0.0072  -18.5142   0.2640    9.602    0.106   7.110   0.037   2.693   0.014  0.703 -39.80 33.532  0.176  9.971  0.054
      HCG10a   21.5907   34.7030   0.01731   0.00002    73.891  13.0418   0.0007  12.2617   0.0006  11.7749   0.0006  11.0920   0.0190  0.1955  0.1418  0.1075   0.0265   0.0284   0.0200  -0.0296  -21.5604   0.0007  -22.2887   0.0006  -22.7328   0.0006  -23.2586   0.0190   11.020    0.008  15.368   0.011   5.412   0.004  0.665 -10.80 90.940  0.064 30.499  0.020
      HCG10b   21.4183   34.7133   0.01608   0.00006    68.681  12.9752   0.0003  12.1380   0.0003  11.6793   0.0003  10.9600   0.0180  0.1819  0.1319  0.1000   0.0271   0.0300   0.0190  -0.0276  -21.4526   0.0003  -22.2428   0.0003  -22.6586   0.0003  -23.2312   0.0180   10.987    0.007  10.416   0.004   3.413   0.001  0.192  80.80 50.239  0.020 40.599  0.016
      HCG10c   21.5788   34.7539   0.01554   0.00011    66.383  14.4720   0.0014  13.6327   0.0012  13.1666   0.0013  12.3600   0.0360  0.1909  0.1385  0.1050   0.0298   0.0250   0.0175  -0.0273  -19.8925   0.0014  -20.6746   0.0012  -21.0997   0.0013  -21.7565   0.0360   10.377    0.014   7.203   0.011   2.283   0.004  0.547 -58.90 42.085  0.066 19.083  0.022
      HCG10d   21.6287   34.6753   0.01555   0.00003    66.413  15.2909   0.0018  14.5374   0.0018  14.1122   0.0021  13.3820   0.0520  0.2023  0.1467  0.1112   0.0242   0.0223   0.0144  -0.0279  -19.0804   0.0018  -19.7764   0.0018  -20.1583   0.0021  -20.7349   0.0520    9.987    0.021   7.442   0.015   2.359   0.005  0.717  55.90 37.606  0.074 10.648  0.021
      HCG12a   21.8892   -4.6830   0.04783   0.00015   202.741  14.6223   0.0012  13.7358   0.0009  13.2801   0.0010  12.5350   0.0370  0.1701  0.1233  0.0935   0.1189   0.0690   0.0410  -0.0856  -22.3028   0.0012  -23.0927   0.0009  -23.4906   0.0010  -24.0156   0.0370   11.374    0.015   5.443   0.007   5.105   0.007  0.317 -66.30 29.434  0.038 20.108  0.026
      HCG12b   21.8934   -4.6521   0.04989   0.00013   211.381  16.1554   0.0026  15.2765   0.0018  14.8360   0.0019  14.1800   0.0780  0.1678  0.1217  0.0923   0.1245   0.0667   0.0395  -0.0910  -20.8680   0.0026  -21.6430   0.0018  -22.0269   0.0019  -22.4601   0.0780   10.793    0.031   2.890   0.007   2.821   0.007  0.336  44.20 14.570  0.037  9.672  0.025
      HCG12c   21.9059   -4.6612   0.04860   0.00022   205.973  17.2052   0.0029  16.3313   0.0021  15.9035   0.0021  15.0970   0.1230  0.1675  0.1215  0.0921   0.1189   0.0640   0.0382  -0.0886  -19.7533   0.0029  -20.5263   0.0021  -20.8989   0.0021  -21.4865   0.1230   10.341    0.049   1.390   0.004   1.324   0.004  0.541  -4.20  7.248  0.023  3.331  0.011
      HCG12d   21.9048   -4.6687   0.04750   0.00021   201.387  17.3233   0.0083  16.4995   0.0062  16.0308   0.0062  15.5620   0.1930  0.1680  0.1218  0.0924   0.1081   0.0711   0.0344  -0.0855  -19.5737   0.0083  -20.3144   0.0062  -20.7169   0.0062  -20.9735   0.1930   10.245    0.077   3.986   0.019   3.715   0.018  0.529 -25.00 18.363  0.089  8.648  0.042
      HCG12e   21.8660   -4.6774   0.04826   0.00021   204.573  17.6060   0.0047  16.7654   0.0034  16.3425   0.0035 -99.0000 -99.0000  0.1720  0.1247  0.0946   0.1087   0.0647   0.0354 -99.0000  -19.3313   0.0047  -20.0807   0.0034  -20.4441   0.0035  -99.0000 -99.0000   10.143    0.003   1.359   0.007   1.286   0.006  0.455  65.00  7.274  0.035  3.965  0.016
      HCG13a   23.0854   -7.8596   0.04159   0.00014   176.569  14.9081   0.0023  14.0702   0.0017  13.5957   0.0018  12.7000   0.0590  0.1192  0.0865  0.0656   0.0903   0.0740   0.0392  -0.0720  -21.6245   0.0023  -22.4133   0.0017  -22.8321   0.0018  -23.5511   0.0590   11.078    0.024   9.887   0.015   8.125   0.012  0.614  18.80 48.335  0.073 18.675  0.029
      HCG13b   23.0930   -7.8732   0.04138   0.00015   175.699  14.9533   0.0024  14.1121   0.0019  13.6558   0.0022  13.1430   0.0910  0.1177  0.0853  0.0647   0.0949   0.0658   0.0368  -0.0732  -21.5712   0.0024  -22.3510   0.0019  -22.7576   0.0022  -23.0957   0.0910   11.063    0.036   9.696   0.021   7.931   0.017  0.140  53.20 34.845  0.074 29.979  0.064
      HCG13d   23.0798   -7.8961   0.04073   0.00036   172.923  17.1082   0.0029  16.2636   0.0023  15.8752   0.0028  14.8860   0.1330  0.1157  0.0839  0.0636   0.0982   0.0512   0.0307  -0.0760  -19.3817   0.0029  -20.1475   0.0023  -20.4951   0.0028  -21.3140   0.1330   10.186    0.053   1.358   0.006   1.094   0.004  0.357 -37.70  6.534  0.027  4.199  0.016
      HCG13e   23.1083   -7.8695   0.04201   0.00020   178.310  17.1407   0.0058  16.3264   0.0050  15.8917   0.0057  15.4850   0.2230  0.1174  0.0852  0.0646   0.0945   0.0603   0.0326  -0.0760  -19.4164   0.0058  -20.1643   0.0050  -20.5507   0.0057  -20.7842   0.2230   10.183    0.089   3.042   0.016   2.524   0.013  0.331  87.30 13.064  0.067  8.733  0.046
      HCG15a   31.9712    2.1676   0.02324   0.00010    99.072  14.2995   0.0011  13.4676   0.0008  13.0048   0.0008  12.1110   0.0410  0.1151  0.0835  0.0633   0.0437   0.0462   0.0269  -0.0384  -20.8890   0.0011  -21.6917   0.0008  -22.1150   0.0008  -22.8802   0.0410   10.773    0.016   7.082   0.008   3.324   0.004  0.464  40.80 41.022  0.046 21.996  0.025
      HCG15b   31.8921    2.1152   0.02374   0.00012   101.197  14.4072   0.0012  13.5939   0.0010  13.2094   0.0011  12.6860   0.0560  0.1109  0.0804  0.0610   0.0497   0.0385   0.0205  -0.0421  -20.8301   0.0012  -21.6018   0.0010  -21.9489   0.0011  -22.3487   0.0560   10.726    0.022   6.885   0.009   3.299   0.004  0.116 -23.80 32.409  0.044 28.656  0.039
      HCG15c   31.9158    2.1497   0.02420   0.00005   103.159  14.3461   0.0011  13.5525   0.0009  13.1326   0.0009  12.7560   0.0470  0.1126  0.0817  0.0620   0.0478   0.0400   0.0227  -0.0420  -20.9338   0.0011  -21.6887   0.0009  -22.0715   0.0009  -22.3215   0.0470   10.764    0.019   6.635   0.008   3.240   0.004  0.050  27.00 30.123  0.036 28.624  0.035
      HCG15d   31.9062    2.1807   0.02083   0.00012    88.843  14.6139   0.0016  13.8472   0.0013  13.4092   0.0014  13.2400   0.0640  0.1140  0.0827  0.0627   0.0392   0.0301   0.0202  -0.0367  -20.3271   0.0016  -21.0534   0.0013  -21.4615   0.0014  -21.5112   0.0640   10.523    0.026   9.044   0.013   3.816   0.006  0.156 -39.10 37.249  0.055 31.426  0.048
      HCG15e   31.8553    2.1161   0.02401   0.00011   102.329  15.0619   0.0016  14.2760   0.0014  13.8927   0.0016  13.4460   0.0760  0.1123  0.0815  0.0618   0.0478   0.0383   0.0196  -0.0427  -20.1997   0.0016  -20.9453   0.0014  -21.2902   0.0016  -21.6128   0.0760   10.455    0.030   5.897   0.010   2.857   0.005  0.123 -32.40 23.927  0.041 20.994  0.036
      HCG15f   31.9075    2.1904   0.02082   0.00034    88.813  15.7777   0.0036  15.2281   0.0038  14.8945   0.0044  15.2960   0.2420  0.1142  0.0828  0.0628   0.0214   0.0203   0.0088  -0.0400  -19.1451   0.0036  -19.6621   0.0038  -19.9642   0.0044  -19.4511   0.2420    9.876    0.097   9.087   0.030   3.833   0.013  0.384 -83.80 34.267  0.114 21.100  0.073
      HCG16a   32.3525  -10.1359   0.01359   0.00003    58.047  12.7600   0.0004  12.0164   0.0003  11.6468   0.0003  10.7970   0.0180  0.0966  0.0701  0.0531   0.0202   0.0220   0.0122  -0.0242  -21.2050   0.0004  -21.9239   0.0003  -22.2667   0.0003  -23.0270   0.0180   10.794    0.007   8.880   0.005   2.466   0.001  0.197 -79.70 38.969  0.020 31.301  0.015
      HCG16b   32.3368  -10.1331   0.01289   0.00003    55.078  13.3227   0.0007  12.4914   0.0004  12.0782   0.0004  11.3230   0.0260  0.0966  0.0701  0.0531   0.0240   0.0217   0.0139  -0.0228  -20.5307   0.0007  -21.3330   0.0004  -21.7216   0.0004  -22.3869   0.0260   10.602    0.010   8.813   0.005   2.323   0.001  0.515  -6.70 43.210  0.026 20.953  0.014
      HCG16c   32.4105  -10.1467   0.01284   0.00000    54.886  13.3768   0.0005  12.7080   0.0004  12.4308   0.0006  11.5930   0.0230  0.0966  0.0701  0.0532   0.0161   0.0184   0.0070  -0.0240  -20.4609   0.0005  -21.1055   0.0004  -21.3544   0.0006  -22.1081   0.0230   10.385    0.009   6.416   0.005   1.686   0.001  0.225  -9.10 31.950  0.026 24.746  0.020
      HCG17a   33.5213   13.3111   0.06080   0.00015   256.972  16.1540   0.0041  15.1956   0.0026  14.6543   0.0028  13.1880   0.0740  0.4411  0.3199  0.2426   0.1425   0.0999   0.0519  -0.1040  -21.6072   0.0041  -22.4018   0.0026  -22.8178   0.0028  -23.8856   0.0740   11.079    0.030   5.273   0.016   6.193   0.018  0.153 -55.30 20.176  0.060 17.095  0.048
      HCG17b   33.5160   13.3131   0.06010   0.00010   254.067  16.1543   0.0041  15.1337   0.0028  14.6473   0.0030 -99.0000 -99.0000  0.4392  0.3185  0.2415   0.1671   0.0777   0.0508 -99.0000  -21.6034   0.0041  -22.4140   0.0028  -22.7965   0.0030  -99.0000 -99.0000   11.121    0.002   6.288   0.020   7.306   0.023  0.190 -52.90 22.276  0.071 18.036  0.056
      HCG17c   33.5209   13.3173   0.06079   0.00035   256.917  16.6708   0.0053  15.6312   0.0037  15.1148   0.0038  14.4330   0.1110  0.4406  0.3195  0.2423   0.1790   0.0798   0.0529  -0.1099  -21.1259   0.0053  -21.9453   0.0037  -22.3575   0.0038  -22.6342   0.1110   10.950    0.045   5.028   0.019   5.903   0.023  0.233 -33.70 18.996  0.073 14.562  0.058
      HCG17d   33.5316   13.3066   0.05833   0.00007   246.670  18.0036   0.0084  17.0232   0.0058  16.6360   0.0060  15.6830   0.2170  0.4455  0.3231  0.2450   0.1529   0.0528   0.0344  -0.1169  -19.6785   0.0084  -20.4364   0.0058  -20.7271   0.0060  -21.2838   0.2170   10.310    0.087   1.626   0.011   1.837   0.012  0.148 -16.60  6.886  0.046  5.865  0.039
      HCG17e   33.5175   13.3191   0.05996   0.00047   253.467  18.4919   0.0123  17.5194   0.0086  16.9699   0.0092 -99.0000 -99.0000  0.4392  0.3186  0.2416   0.1416   0.1020   0.0557 -99.0000  -19.2350   0.0123  -20.0472   0.0086  -20.4734   0.0092  -99.0000 -99.0000   10.142    0.007   2.031   0.019   2.355   0.022  0.192  18.60  7.989  0.075  6.455  0.062
      HCG21d   41.3732  -17.5423   0.02907   0.00015   123.766  14.0670   0.0012  13.2200   0.0008  12.7920   0.0008  12.0770   0.0350  0.0912  0.0662  0.0502   0.0662   0.0493   0.0283  -0.0504  -21.6157   0.0012  -22.4207   0.0008  -22.8117   0.0008  -23.3978   0.0350   11.081    0.014   7.455   0.008   4.347   0.004  0.053  -2.40 32.745  0.033 31.004  0.031
      HCG21e   41.3435  -17.5332   0.02942   0.00011   125.233  14.4860   0.0017  13.7226   0.0010  13.3143   0.0011  12.5120   0.0480  0.0948  0.0688  0.0521   0.0542   0.0521   0.0242  -0.0508  -21.2145   0.0017  -21.9498   0.0010  -22.3136   0.0011  -22.9888   0.0480   10.844    0.019   7.112   0.009   4.195   0.005  0.251  -1.70 30.619  0.038 22.919  0.029
      HCG25a   50.1789   -1.1086   0.02097   0.00010    89.424  14.3436   0.0011  13.8922   0.0010  13.6236   0.0014  13.2840   0.0760  0.2738  0.1986  0.1506   0.0017   0.0325   0.0027  -0.0380  -20.7342   0.0011  -21.1412   0.0010  -21.3320   0.0014  -21.4803   0.0760   10.335    0.030  11.614   0.015   4.932   0.006  0.581  58.70 54.064  0.069 22.638  0.028
      HCG25b   50.1892   -1.0447   0.02112   0.00003    90.074  14.3930   0.0012  13.5374   0.0007  13.1002   0.0008  12.2470   0.0430  0.2692  0.1952  0.1480   0.0407   0.0383   0.0205  -0.0366  -20.7353   0.0012  -21.5145   0.0007  -21.8867   0.0008  -22.5348   0.0430   10.675    0.017   6.983   0.006   2.986   0.003  0.421  82.20 38.040  0.035 22.029  0.023
      HCG25d   50.1606   -1.0350   0.02109   0.00007    89.942  15.8322   0.0018  15.1119   0.0012  14.7628   0.0013  14.2060   0.0830  0.2638  0.1914  0.1451   0.0302   0.0347   0.0115  -0.0384  -19.2769   0.0018  -19.9293   0.0012  -20.2090   0.0013  -20.5707   0.0830    9.955    0.033   2.719   0.005   1.161   0.002  0.342  20.10 11.488  0.022  7.561  0.015
      HCG26e   50.4630  -13.6633   0.03210   0.00017   136.567  17.5724   0.0056  17.1422   0.0059  16.8660   0.0077 -99.0000 -99.0000  0.2227  0.1615  0.1225   0.0077   0.0585  -0.0054 -99.0000  -18.4033   0.0056  -18.8231   0.0059  -18.9964   0.0077  -99.0000 -99.0000    9.390    0.004   3.350   0.021   2.149   0.014  0.608 -42.00 14.106  0.090  5.531  0.034
      HCG26f   50.4898  -13.6629   0.03211   0.00015   136.609  18.2184   0.0081  17.8004   0.0094  17.5733   0.0131 -99.0000 -99.0000  0.2226  0.1615  0.1224   0.0099   0.0547  -0.0147 -99.0000  -17.7601   0.0081  -18.1618   0.0094  -18.2804   0.0131  -99.0000 -99.0000    9.068    0.007   1.875   0.020   1.203   0.013  0.236  18.70  7.073  0.074  5.399  0.057
      HCG31q   75.4098   -4.2224   0.01364 -99.00000    58.290  16.2983   0.0039  15.9112   0.0050  15.7691   0.0070 -99.0000 -99.0000  0.1892  0.1372  0.1041  -0.0025   0.0173  -0.0019 -99.0000  -17.7458   0.0039  -18.1007   0.0050  -18.1905   0.0070  -99.0000 -99.0000    8.998    0.004   5.372   0.029   1.498   0.008  0.206 -47.60 18.573  0.099 14.738  0.081
      HCG35a  131.3390   44.5206   0.05310   0.00013   224.823  15.7970   0.0031  14.8955   0.0017  14.4513   0.0018  13.5560   0.0590  0.0999  0.0725  0.0550   0.1410   0.0742   0.0463  -0.0958  -21.3155   0.0031  -22.1227   0.0017  -22.5215   0.0018  -23.2198   0.0590   10.998    0.024   3.378   0.007   3.497   0.007  0.606  67.40 20.858  0.045  8.210  0.020
      HCG35b  131.3360   44.5089   0.05450   0.00011   230.667  15.1916   0.0027  14.2526   0.0014  13.8218   0.0016  13.0340   0.0640  0.0999  0.0724  0.0549   0.1551   0.0710   0.0485  -0.0996  -21.9935   0.0027  -22.8209   0.0014  -23.2118   0.0016  -23.7966   0.0640   11.292    0.026   6.410   0.011   6.798   0.012  0.054  57.70 25.857  0.046 24.460  0.044
      HCG35c  131.3270   44.5277   0.05420   0.00083   229.422  15.7424   0.0029  14.8215   0.0015  14.3676   0.0018  13.5550   0.0780  0.0994  0.0721  0.0547   0.1473   0.0784   0.0500  -0.0968  -21.4221   0.0029  -22.2468   0.0015  -22.6548   0.0018  -23.2659   0.0780   11.053    0.031   3.786   0.008   3.994   0.008  0.070  27.90 18.037  0.038 16.774  0.036
      HCG35d  131.3360   44.5397   0.05270   0.00013   223.134  16.5492   0.0052  15.6783   0.0024  15.2134   0.0025  14.1490   0.0810  0.1001  0.0726  0.0550   0.1271   0.0842   0.0460  -0.0927  -20.5323   0.0052  -21.3328   0.0024  -21.7420   0.0025  -22.6126   0.0810   10.659    0.032   3.623   0.010   3.724   0.010  0.646  12.30 19.292  0.051  6.827  0.018
      HCG35e  131.3360   44.5033   0.05574   0.00018   235.868  17.2328   0.0056  16.4245   0.0028  15.9874   0.0034 -99.0000 -99.0000  0.0999  0.0725  0.0550   0.1187   0.0810   0.0404 -99.0000  -19.9669   0.0056  -20.7101   0.0028  -21.0891   0.0034  -99.0000 -99.0000   10.379    0.003   1.607   0.007   1.741   0.008  0.371  19.80  8.452  0.038  5.314  0.023
      HCG35f  131.3370   44.5332   0.05447   0.00021   230.554  17.9924   0.0128  17.1016   0.0070  16.7498   0.0079 -99.0000 -99.0000  0.0998  0.0724  0.0549   0.1457   0.0525   0.0355 -99.0000  -19.1822   0.0128  -19.9523   0.0070  -20.2696   0.0079  -99.0000 -99.0000   10.127    0.007   2.090   0.015   2.216   0.016  0.223 -16.60  8.439  0.062  6.553  0.048
      HCG37b  138.3880   30.0001   0.02254   0.00008    96.116  14.4318   0.0013  13.5934   0.0008  13.1413   0.0009  12.4090   0.0390  0.1152  0.0836  0.0634   0.0457   0.0416   0.0249  -0.0380  -20.6915   0.0013  -21.4942   0.0008  -21.9094   0.0009  -22.5154   0.0390   10.696    0.016  12.658   0.011   5.768   0.005  0.846 -15.20 90.796  0.080 14.024  0.013
      HCG37d  138.3910   30.0158   0.02045   0.00006    87.242  16.1394   0.0027  15.4990   0.0026  15.1290   0.0029 -99.0000 -99.0000  0.1181  0.0856  0.0649   0.0184   0.0389   0.0166 -99.0000  -18.7446   0.0027  -19.3731   0.0026  -19.7001   0.0029  -99.0000 -99.0000    9.760    0.002   6.740   0.015   2.793   0.006  0.173   4.50 20.834  0.047 17.240  0.039
      HCG37e  138.3920   30.0398   0.02158   0.00006    92.026  16.4321   0.0029  15.6329   0.0023  15.2305   0.0024  14.6510   0.1200  0.1166  0.0845  0.0641   0.0418   0.0369   0.0198  -0.0377  -18.5921   0.0029  -19.3545   0.0023  -19.7193   0.0024  -20.1772   0.1200    9.815    0.048   4.004   0.010   1.749   0.004  0.021 -36.10 15.131  0.039 14.812  0.038
      HCG39a  142.3650   -1.3458   0.07045   0.00017   297.055  16.7231   0.0045  15.8208   0.0031  15.3863   0.0032  14.4200   0.1240  0.1256  0.0911  0.0690   0.1863   0.0889   0.0531  -0.1237  -21.1008   0.0045  -21.8712   0.0031  -22.2479   0.0032  -22.9683   0.1240   10.887    0.050   3.800   0.011   5.113   0.015  0.457  62.40 17.509  0.052  9.500  0.031
      HCG39b  142.3690   -1.3494   0.07064   0.00020   297.847  16.9977   0.0037  16.1217   0.0025  15.6577   0.0030  14.7390   0.1600  0.1256  0.0911  0.0691   0.1720   0.1017   0.0561  -0.1187  -20.8181   0.0037  -21.5893   0.0025  -21.9856   0.0030  -22.6605   0.1600   10.757    0.064   2.681   0.009   3.615   0.012  0.227 -72.10 12.775  0.044  9.876  0.028
      HCG39c  142.3720   -1.3525   0.06894   0.00012   290.803  17.0516   0.0035  16.3947   0.0028  16.0185   0.0034  15.5080   0.2620  0.1252  0.0908  0.0688   0.1071   0.0723   0.0152  -0.1242  -20.6435   0.0035  -21.2311   0.0028  -21.5284   0.0034  -21.8306   0.2620   10.507    0.105   2.877   0.008   3.794   0.011  0.240  49.50 10.785  0.031  8.196  0.023
      HCG39d  142.3630   -1.3395   0.07021   0.00012   296.076  17.2527   0.0040  16.3491   0.0030  15.9090   0.0032  14.9890   0.1410  0.1252  0.0908  0.0688   0.1852   0.0908   0.0544  -0.1223  -20.5620   0.0040  -21.3369   0.0030  -21.7186   0.0032  -22.3930   0.1410   10.673    0.056   1.928   0.008   2.586   0.010  0.330 -47.80  9.297  0.037  6.230  0.026
      HCG43a  152.8330   -0.0230   0.03390   0.00013   144.170  15.4405   0.0017  14.6951   0.0014  14.2771   0.0015  13.3890   0.0700  0.1408  0.1021  0.0774   0.0577   0.0601   0.0254  -0.0589  -20.6248   0.0017  -21.3339   0.0014  -21.6925   0.0015  -22.4189   0.0700   10.593    0.028   5.252   0.008   3.550   0.006  0.642 -20.60 26.667  0.042  9.542  0.017
      HCG43b  152.7810   -0.0422   0.03365   0.00012   143.102  15.7377   0.0030  15.1489   0.0021  14.8148   0.0025  13.9490   0.1020  0.1343  0.0974  0.0739   0.0370   0.0555   0.0089  -0.0610  -20.2837   0.0030  -20.8541   0.0021  -21.1181   0.0025  -21.8401   0.1020   10.298    0.041   5.325   0.014   3.574   0.010  0.742  50.80 32.870  0.088  8.490  0.019
      HCG43c  152.8030   -0.0675   0.03308   0.00011   140.692  15.7170   0.0016  14.8750   0.0011  14.4566   0.0012  13.7510   0.0730  0.1354  0.0982  0.0744   0.0743   0.0534   0.0287  -0.0585  -20.3047   0.0016  -21.0886   0.0011  -21.4586   0.0012  -22.0025   0.0730   10.543    0.029   2.605   0.005   1.720   0.003  0.520  79.70 15.041  0.029  7.226  0.014
      HCG43d  152.8040   -0.0871   0.03212   0.00012   136.664  16.8244   0.0037  16.1343   0.0030  15.7747   0.0036  15.0070   0.1880  0.1334  0.0967  0.0734   0.0503   0.0527   0.0160  -0.0579  -19.1062   0.0037  -19.7620   0.0030  -20.0616   0.0036  -20.6820   0.1880    9.925    0.075   3.270   0.012   2.099   0.008  0.117 -39.20 10.848  0.039  9.578  0.033
      HCG43e  152.8100   -0.0514   0.03214   0.00023   136.749  16.8607   0.0058  15.9452   0.0037  15.4979   0.0040  14.6390   0.1460  0.1376  0.0998  0.0757   0.0830   0.0514   0.0336  -0.0561  -19.1082   0.0058  -19.9543   0.0037  -20.3597   0.0040  -21.0532   0.1460   10.127    0.058   3.650   0.015   2.345   0.009  0.250  51.20 15.765  0.063 11.818  0.047
      HCG44c  154.4110   21.6882   0.00406   0.00000    17.384  12.6198   0.0005  11.8961   0.0004  11.5094   0.0005  10.9950   0.0240  0.1010  0.0733  0.0556   0.0042   0.0045   0.0034  -0.0060  -18.6950   0.0005  -19.3913   0.0004  -19.7592   0.0005  -20.2086   0.0240    9.802    0.010  22.564   0.010   1.894   0.001  0.421  38.00 85.838  0.038 49.734  0.022
      HCG45a  154.8070   59.1311   0.07275   0.00011   306.625  15.1507   0.0026  14.3814   0.0018  13.8985   0.0017  12.9510   0.0440  0.0419  0.0304  0.0230   0.1493   0.1238   0.0404  -0.1195  -22.6260   0.0026  -23.3583   0.0018  -23.7505   0.0017  -24.5151   0.0440   11.429    0.018   8.777   0.015  12.163   0.021  0.644 -16.00 49.411  0.086 17.598  0.030
      HCG45b  154.7720   59.1055   0.07403   0.00010   311.930  16.2465   0.0036  15.4205   0.0024  15.0026   0.0025  14.2090   0.0740  0.0397  0.0288  0.0218   0.1797   0.0924   0.0450  -0.1294  -21.5982   0.0036  -22.3260   0.0024  -22.6896   0.0025  -23.2870   0.0740   11.044    0.030   4.119   0.012   5.799   0.016  0.376  82.70 19.153  0.054 11.943  0.032
      HCG45c  154.7820   59.0845   0.07265   0.00016   306.207  17.5522   0.0092  16.7641   0.0065  16.1116   0.0070  15.0080   0.1270  0.0369  0.0268  0.0203   0.1300   0.1883   0.0747  -0.1099  -20.1970   0.0092  -21.0334   0.0065  -21.5658   0.0070  -22.4645   0.1270   10.563    0.051   4.405   0.026   6.097   0.036  0.777  38.00 26.074  0.153  5.818  0.032
      HCG45d  154.8180   59.1376   0.06916   0.00014   291.745  17.0716   0.0047  16.1397   0.0034  15.7486   0.0035  15.0370   0.1350  0.0417  0.0302  0.0229   0.2021   0.0791   0.0518  -0.1276  -20.6424   0.0047  -21.4398   0.0034  -21.7963   0.0035  -22.3056   0.1350   10.736    0.054   2.500   0.010   3.308   0.013  0.194  57.30 10.977  0.042  8.843  0.035
      HCG46a  155.5300   17.8381   0.02736   0.00012   116.514  15.6091   0.0029  14.7306   0.0022  14.3280   0.0025  13.7310   0.0720  0.1227  0.0890  0.0675   0.0703   0.0351   0.0253  -0.0503  -19.9744   0.0029  -20.7840   0.0022  -21.1553   0.0025  -21.6092   0.0720   10.459    0.029   5.860   0.015   3.222   0.008  0.267 -45.20 25.032  0.063 18.357  0.045
      HCG46b  155.5540   17.8538   0.02859   0.00012   121.736  15.6258   0.0029  14.8457   0.0021  14.4117   0.0023  13.7850   0.0690  0.1223  0.0887  0.0672   0.0564   0.0449   0.0255  -0.0498  -20.0412   0.0029  -20.7762   0.0021  -21.1694   0.0023  -21.6535   0.0690   10.406    0.028   4.869   0.012   2.794   0.007  0.214   6.00 20.928  0.051 16.447  0.038
      HCG46c  155.5530   17.8595   0.02637   0.00014   112.349  15.5724   0.0022  14.7338   0.0018  14.2989   0.0020  13.6960   0.0710  0.1217  0.0883  0.0669   0.0588   0.0429   0.0259  -0.0460  -19.9174   0.0022  -20.7067   0.0018  -21.1033   0.0020  -21.5674   0.0710   10.396    0.028   4.272   0.010   2.267   0.005  0.055 -78.00 17.966  0.041 16.975  0.040
      HCG46d  155.5720   17.8819   0.02569   0.00011   109.477  15.8328   0.0025  15.0116   0.0018  14.6014   0.0021  13.9300   0.0740  0.1192  0.0865  0.0656   0.0554   0.0413   0.0233  -0.0453  -19.5935   0.0025  -20.3679   0.0018  -20.7392   0.0021  -21.2764   0.0740   10.246    0.030   4.201   0.009   2.174   0.005  0.378  76.90 18.452  0.040 11.486  0.027
      HCG47a  156.4430   13.7169   0.03233   0.00007   137.534  14.2151   0.0011  13.5151   0.0009  13.1020   0.0012  12.4760   0.0380  0.1598  0.1159  0.0879   0.0484   0.0540   0.0221  -0.0564  -21.7542   0.0011  -22.4159   0.0009  -22.7691   0.0012  -23.2287   0.0380   11.017    0.015  10.539   0.012   6.807   0.008  0.426 -74.50 44.458  0.052 25.540  0.026
      HCG47b  156.4520   13.7279   0.03164   0.00011   134.649  15.1666   0.0014  14.2799   0.0010  13.8459   0.0012  12.8780   0.0460  0.1605  0.1164  0.0883   0.0761   0.0516   0.0306  -0.0553  -20.7837   0.0014  -21.6018   0.0010  -21.9867   0.0012  -22.7804   0.0460   10.766    0.018   4.883   0.006   3.090   0.004  0.103  13.40 18.252  0.022 16.364  0.020
      HCG47c  156.4540   13.7532   0.03187   0.00010   135.579  16.1458   0.0036  15.4711   0.0029  15.1153   0.0036  14.6340   0.0980  0.1621  0.1176  0.0892   0.0509   0.0420   0.0135  -0.0602  -19.7963   0.0036  -20.4175   0.0029  -20.7164   0.0036  -21.0348   0.0980   10.200    0.039   4.709   0.015   3.000   0.010  0.205 -23.50 17.774  0.058 14.140  0.047
      HCG49a  164.1740   67.1849   0.03315   0.00006   140.988  15.8499   0.0025  15.5721   0.0031  15.3703   0.0040  15.5920   0.2210  0.0548  0.0398  0.0301  -0.0028   0.0534  -0.0188  -0.0651  -20.0189   0.0025  -20.3378   0.0031  -20.4578   0.0040  -20.1596   0.2210    9.940    0.088   4.771   0.017   3.156   0.011  0.485 -38.90 20.581  0.071 10.598  0.039
      HCG49b  164.1630   67.1803   0.03313   0.00003   140.903  16.3649   0.0025  16.2828   0.0041  16.1074   0.0057  16.0270   0.2670  0.0550  0.0399  0.0302  -0.0333   0.0743  -0.0291  -0.0587  -19.4722   0.0025  -19.6468   0.0041  -19.7091   0.0057  -19.7297   0.2670    9.617    0.107   3.191   0.016   2.110   0.010  0.574  -9.50 15.755  0.078  6.714  0.033
      HCG49c  164.1530   67.1812   0.03311   0.00020   140.836  17.0073   0.0062  16.8049   0.0080  16.6468   0.0101 -99.0000 -99.0000  0.0547  0.0397  0.0301  -0.0146   0.0631  -0.0280 -99.0000  -18.8471   0.0062  -19.1121   0.0080  -19.1696   0.0101  -99.0000 -99.0000    9.368    0.006   3.541   0.027   2.340   0.018  0.234  15.70 12.779  0.097  9.792  0.073
      HCG49d  164.1400   67.1780   0.03339   0.00024   142.017  16.9925   0.0034  16.7770   0.0042  16.6238   0.0055 -99.0000 -99.0000  0.0547  0.0397  0.0301  -0.0118   0.0615  -0.0297 -99.0000  -18.8834   0.0034  -19.1572   0.0042  -19.2096   0.0055  -99.0000 -99.0000    9.372    0.003   1.614   0.011   1.075   0.007  0.382 -26.60  7.666  0.051  4.736  0.027
      HCG50a  169.2770   54.9171   0.13966   0.00039   579.270  17.5043   0.0097  16.3571   0.0065  15.8817   0.0070  15.4280   0.1130  0.0457  0.0331  0.0251   0.4920   0.1780   0.1112  -0.2502  -22.1316   0.0097  -22.9523   0.0065  -23.3529   0.0070  -23.4201   0.1130   11.349    0.046   5.025   0.030  12.383   0.075  0.228  -9.50 16.374  0.099 12.639  0.080
      HCG50b  169.2850   54.9174   0.13733   0.00037   569.909  18.0308   0.0108  16.9018   0.0068  16.5051   0.0071  15.4440   0.1690  0.0456  0.0331  0.0251   0.4759   0.1645   0.1010  -0.2568  -21.5492   0.0108  -22.3542   0.0068  -22.6795   0.0071  -23.3577   0.1690   11.098    0.068   2.509   0.016   6.094   0.038  0.596 -29.20 13.164  0.083  5.314  0.034
      HCG50c  169.2670   54.9209   0.13792   0.00014   572.263  18.4308   0.0164  17.3488   0.0105  16.9581   0.0113 -99.0000 -99.0000  0.0460  0.0334  0.0253   0.4636   0.1573   0.0924 -99.0000  -21.1473   0.0164  -21.9104   0.0105  -22.2281   0.0113  -99.0000 -99.0000   10.915    0.009   2.789   0.026   6.799   0.063  0.180 -83.00  9.984  0.093  8.183  0.075
      HCG50d  169.2770   54.9237   0.14192   0.00021   588.301  18.6141   0.0156  17.4860   0.0094  16.9988   0.0091  15.6260   0.1930  0.0462  0.0335  0.0254   0.4999   0.2120   0.1334  -0.2294  -21.0682   0.0156  -21.8957   0.0094  -22.2961   0.0091  -23.2808   0.1930   10.923    0.078   2.059   0.017   5.142   0.043  0.651 -36.70 11.082  0.093  3.867  0.029
      HCG50e  169.2860   54.9206   0.13893   0.00021   576.329  19.2316   0.0202  18.1260   0.0123  17.6547   0.0130 -99.0000 -99.0000  0.0458  0.0332  0.0252   0.4789   0.1999   0.1261 -99.0000  -20.3790   0.0202  -21.1930   0.0123  -21.5825   0.0130  -99.0000 -99.0000   10.638    0.011   1.373   0.016   3.368   0.039  0.365   9.40  6.014  0.070  3.817  0.042
      HCG51b  170.5590   24.3001   0.02742   0.00016   116.768  14.8291   0.0018  14.0979   0.0014  13.7089   0.0015  13.1320   0.0720  0.0632  0.0459  0.0348   0.0479   0.0471   0.0215  -0.0478  -20.6773   0.0018  -21.3904   0.0014  -21.7427   0.0015  -22.2156   0.0720   10.613    0.029   8.494   0.012   4.680   0.007  0.427 -89.90 36.861  0.054 21.116  0.029
      HCG51c  170.6250   24.2793   0.02969   0.00007   126.404  14.0255   0.0011  13.2114   0.0009  12.8233   0.0009  12.1820   0.0430  0.0666  0.0483  0.0366   0.0661   0.0462   0.0249  -0.0530  -21.6795   0.0011  -22.4555   0.0009  -22.8106   0.0009  -23.3373   0.0430   11.086    0.017   9.428   0.010   5.611   0.006  0.409 -12.80 51.494  0.056 30.443  0.034
      HCG51e  170.5550   24.3172   0.02568   0.00008   109.435  15.1495   0.0011  14.2789   0.0009  13.8424   0.0010  12.9420   0.0510  0.0625  0.0453  0.0344   0.0585   0.0488   0.0285  -0.0435  -20.2223   0.0011  -21.0661   0.0009  -21.4713   0.0010  -22.2654   0.0510   10.538    0.020   3.373   0.005   1.745   0.003  0.069  59.90 15.059  0.024 14.019  0.022
      HCG51g  170.6170   24.2954   0.02512   0.00014   107.062  16.4500   0.0033  15.6442   0.0031  15.2450   0.0031 -99.0000 -99.0000  0.0658  0.0477  0.0362   0.0492   0.0479   0.0239 -99.0000  -18.8671   0.0033  -19.6535   0.0031  -20.0172   0.0031  -99.0000 -99.0000    9.933    0.002   1.527   0.007   0.773   0.003  0.079  74.90  7.728  0.034  7.117  0.032
      HCG53a  172.2100   20.7950   0.02088   0.00010    89.080  13.4293   0.0008  12.8344   0.0007  12.4996   0.0007  11.8510   0.0350  0.1004  0.0728  0.0552   0.0188   0.0348   0.0127  -0.0367  -21.4837   0.0008  -22.0671   0.0007  -22.3621   0.0007  -22.9061   0.0350   10.808    0.014  16.124   0.011   6.821   0.005  0.684   1.20 78.535  0.055 24.822  0.018
      HCG53b  172.2490   20.7391   0.02113   0.00008    90.129  14.5968   0.0009  13.7791   0.0007  13.3687   0.0007  12.7260   0.0350  0.0939  0.0681  0.0517   0.0426   0.0371   0.0208  -0.0368  -20.3595   0.0009  -21.1458   0.0007  -21.5235   0.0007  -22.0570   0.0350   10.541    0.014   4.629   0.005   1.981   0.002  0.383  24.50 27.288  0.031 16.825  0.019
      HCG53c  172.2440   20.7497   0.02084   0.00006    88.911  14.8958   0.0012  14.4478   0.0012  14.2072   0.0014  14.1420   0.0890  0.0968  0.0702  0.0532   0.0076   0.0306   0.0027  -0.0388  -19.9982   0.0012  -20.4425   0.0012  -20.6383   0.0014  -20.6087   0.0890   10.063    0.036   6.859   0.010   2.896   0.004  0.246  23.70 26.441  0.040 19.943  0.026
      HCG53d  172.3110   20.7731   0.02095 -99.00000    89.352  16.2723   0.0031  15.6901   0.0027  15.3441   0.0031  15.3490   0.1620  0.0969  0.0703  0.0533   0.0214   0.0273   0.0120  -0.0379  -18.6465   0.0031  -19.2081   0.0027  -19.5218   0.0031  -19.4136   0.1620    9.692    0.065   5.637   0.015   2.392   0.007  0.591  -2.40 28.067  0.077 11.478  0.033
      HCG56a  173.1950   52.9409   0.02737   0.00011   116.573  15.7843   0.0035  15.0716   0.0017  14.6624   0.0018  12.3290   0.0540  0.0548  0.0398  0.0302   0.0391   0.0554   0.0245  -0.0457  -19.7013   0.0035  -20.4152   0.0017  -20.7839   0.0018  -23.0169   0.0540   10.206    0.022   6.826   0.013   3.755   0.007  0.828  83.20 34.916  0.064  6.020  0.012
      HCG56b  173.1680   52.9504   0.02641   0.00013   112.531  14.6632   0.0010  14.0079   0.0006  13.6758   0.0007  11.8640   0.0570  0.0546  0.0396  0.0300   0.0366   0.0482   0.0141  -0.0466  -20.7409   0.0010  -21.3928   0.0006  -21.6813   0.0007  -23.4023   0.0570   10.540    0.023   3.179   0.003   1.690   0.002  0.710 -34.30 24.444  0.027  7.100  0.009
      HCG56c  173.1530   52.9477   0.02705   0.00009   115.227  15.1456   0.0019  14.4134   0.0009  14.0413   0.0011 -99.0000 -99.0000  0.0545  0.0395  0.0300   0.0459   0.0504   0.0200 -99.0000  -20.3206   0.0019  -21.0423   0.0009  -21.3744   0.0011  -99.0000 -99.0000   10.449    0.001   3.818   0.006   2.077   0.003  0.167 -53.60 17.175  0.028 14.313  0.020
      HCG56d  173.1470   52.9473   0.02784   0.00019   118.558  15.9947   0.0044  15.2341   0.0023  14.8455   0.0025 -99.0000 -99.0000  0.0545  0.0395  0.0300   0.0507   0.0523   0.0226 -99.0000  -19.5397   0.0044  -20.2870   0.0023  -20.6364   0.0025  -99.0000 -99.0000   10.166    0.002   4.549   0.012   2.544   0.007  0.494  60.20 22.751  0.060 11.503  0.031
      HCG56e  173.1370   52.9393   0.02664   0.00010   113.504  16.0840   0.0032  15.4946   0.0024  15.2190   0.0029  14.8150   0.0800  0.0546  0.0396  0.0300   0.0355   0.0360   0.0056  -0.0526  -19.3383   0.0032  -19.9132   0.0024  -20.1488   0.0029  -20.4645   0.0800    9.932    0.032   3.456   0.011   1.853   0.006  0.247 -79.30 15.692  0.051 11.822  0.037
      HCG57b  174.4320   22.0098   0.03009   0.00007   128.095  14.5126   0.0015  13.7530   0.0012  13.3567   0.0013  12.8270   0.0520  0.1174  0.0852  0.0646   0.0580   0.0466   0.0222  -0.0536  -21.2649   0.0015  -21.9808   0.0012  -22.3321   0.0013  -22.7214   0.0520   10.869    0.021   9.467   0.012   5.707   0.007  0.472  32.50 42.953  0.055 22.692  0.027
      HCG57c  174.4650   21.9743   0.03029   0.00012   128.928  14.5629   0.0014  13.7071   0.0012  13.2952   0.0012 -99.0000 -99.0000  0.1150  0.0834  0.0632   0.0683   0.0524   0.0281 -99.0000  -21.2369   0.0014  -22.0452   0.0012  -22.4127   0.0012  -99.0000 -99.0000   10.923    0.001   7.901   0.011   4.793   0.007  0.306  60.70 38.269  0.054 26.560  0.037
      HCG57d  174.4790   21.9855   0.02994   0.00014   127.461  14.9681   0.0016  14.4407   0.0015  14.0896   0.0016 -99.0000 -99.0000  0.1183  0.0858  0.0650   0.0167   0.0600   0.0137 -99.0000  -20.7578   0.0016  -21.2960   0.0015  -21.5801   0.0016  -99.0000 -99.0000   10.489    0.001   6.676   0.010   4.005   0.006  0.266  89.00 23.259  0.034 17.060  0.031
      HCG57e  174.4540   22.0261   0.02941   0.00006   125.191  15.2982   0.0013  14.4212   0.0010  14.0034   0.0010  13.2940   0.0480  0.1182  0.0857  0.0650   0.0712   0.0466   0.0284  -0.0518  -20.4420   0.0013  -21.2619   0.0010  -21.6408   0.0010  -22.2050   0.0480   10.631    0.019   3.488   0.005   2.057   0.003  0.499  47.60 19.339  0.030  9.682  0.013
      HCG57f  174.4740   21.9365   0.03133   0.00013   133.340  15.2756   0.0019  14.4461   0.0015  14.0571   0.0015  13.4000   0.0790  0.1069  0.0775  0.0588   0.0712   0.0466   0.0254  -0.0565  -20.5944   0.0019  -21.3699   0.0015  -21.7189   0.0015  -22.2353   0.0790   10.657    0.032   5.601   0.010   3.511   0.006  0.401 -84.00 29.953  0.053 17.932  0.031
      HCG57g  174.4350   22.0213   0.03156   0.00008   134.311  15.7129   0.0019  14.8726   0.0015  14.4621   0.0016  13.5340   0.0750  0.1173  0.0851  0.0645   0.0709   0.0516   0.0278  -0.0555  -20.1833   0.0019  -20.9721   0.0015  -21.3382   0.0016  -22.1186   0.0750   10.495    0.030   3.589   0.007   2.266   0.004  0.350   8.50 17.576  0.034 11.429  0.023
      HCG57h  174.4600   22.0126   0.03082   0.00035   131.168  16.6781   0.0047  15.8857   0.0039  15.5213   0.0043  14.8330   0.1230  0.1183  0.0858  0.0650   0.0675   0.0405   0.0208  -0.0579  -19.1627   0.0047  -19.8956   0.0039  -20.2196   0.0043  -20.7642   0.1230   10.059    0.049   4.200   0.015   2.591   0.009  0.286 -71.80 16.434  0.059 11.729  0.047
      HCG58a  175.5460   10.2778   0.02090   0.00002    89.165  13.5729   0.0007  12.8305   0.0005  12.4361   0.0006  11.4300   0.0270  0.2142  0.1554  0.1178   0.0300   0.0376   0.0169  -0.0364  -21.4672   0.0007  -22.1584   0.0005  -22.4945   0.0006  -23.3295   0.0270   10.886    0.011   8.093   0.006   3.427   0.003  0.430  83.60 38.252  0.029 21.810  0.018
      HCG58b  175.5990   10.2641   0.02169   0.00006    92.510  13.3928   0.0007  12.6244   0.0006  12.2098   0.0006  11.7370   0.0280  0.2157  0.1564  0.1186   0.0370   0.0343   0.0183  -0.0382  -21.7375   0.0007  -22.4438   0.0006  -22.8047   0.0006  -23.1024   0.0280   11.041    0.011   8.051   0.007   3.534   0.003  0.298  61.10 42.876  0.038 30.118  0.025
      HCG58c  175.4710   10.3044   0.02036   0.00006    86.843  13.8588   0.0009  13.1125   0.0006  12.7081   0.0007  12.0290   0.0470  0.1901  0.1379  0.1045   0.0295   0.0365   0.0178  -0.0352  -21.0982   0.0009  -21.7993   0.0006  -22.1516   0.0007  -22.6732   0.0470   10.754    0.019  10.335   0.008   4.264   0.003  0.191  17.10 35.800  0.029 28.964  0.024
      HCG58d  175.5240   10.3511   0.02093   0.00004    89.267  14.3409   0.0012  13.5126   0.0008  13.0642   0.0009  12.3930   0.0540  0.2046  0.1484  0.1125   0.0380   0.0388   0.0219  -0.0357  -20.7001   0.0012  -21.4730   0.0008  -21.8687   0.0009  -22.3697   0.0540   10.666    0.022   7.333   0.008   3.108   0.003  0.154  58.80 31.861  0.034 26.950  0.030
      HCG58e  175.5200   10.3842   0.02035   0.00011    86.834  14.8888   0.0019  14.3280   0.0016  14.0046   0.0019  13.4430   0.1080  0.1972  0.1430  0.1084   0.0122   0.0334   0.0099  -0.0360  -20.0578   0.0019  -20.5857   0.0016  -20.8510   0.0019  -21.2582   0.1080   10.186    0.043   8.988   0.014   3.708   0.006  0.254 -64.90 31.141  0.049 23.241  0.037
      HCG59a  177.1150   12.7274   0.01371   0.00010    58.558  14.5148   0.0011  13.8416   0.0009  13.5123   0.0009  13.0330   0.0380  0.1403  0.1018  0.0772   0.0181   0.0178   0.0086  -0.0256  -19.5111   0.0011  -20.1455   0.0009  -20.4410   0.0009  -20.8089   0.0380   10.055    0.015   5.237   0.006   1.467   0.002  0.206   8.60 23.233  0.029 18.437  0.022
      HCG59b  177.0840   12.7166   0.01336   0.00009    57.068  15.2156   0.0020  14.4828   0.0016  14.0952   0.0015  13.6220   0.0610  0.1392  0.1010  0.0766   0.0213   0.0175   0.0113  -0.0245  -18.7557   0.0020  -19.4464   0.0016  -19.8034   0.0015  -20.1642   0.0610    9.835    0.024   5.350   0.009   1.461   0.003  0.108  -5.10 21.920  0.039 19.559  0.035
      HCG59c  177.1350   12.7053   0.01466   0.00009    62.604  15.8216   0.0033  15.3088   0.0031  15.0472   0.0035  14.8320   0.1360  0.1384  0.1004  0.0761   0.0096   0.0152   0.0040  -0.0285  -18.3410   0.0033  -18.8213   0.0031  -19.0475   0.0035  -19.1541   0.1360    9.456    0.054   7.433   0.022   2.223   0.007  0.678  -2.50 33.305  0.101 10.735  0.033
      HCG60a  180.7800   51.6752   0.06340   0.00015   267.793  15.2267   0.0023  14.2769   0.0017  13.8386   0.0020  13.2690   0.0600  0.0890  0.0646  0.0490   0.1871   0.0811   0.0538  -0.1145  -22.3220   0.0023  -23.1412   0.0017  -23.5367   0.0020  -23.8890   0.0600   11.425    0.024   8.465   0.017  10.334   0.021  0.235 -21.00 33.817  0.067 25.862  0.053
      HCG60b  180.7360   51.6950   0.06136   0.00018   259.309  16.4228   0.0043  15.5230   0.0032  15.0876   0.0032  14.4320   0.0880  0.0837  0.0607  0.0460   0.1697   0.0777   0.0469  -0.1121  -21.0290   0.0043  -21.8138   0.0032  -22.2038   0.0032  -22.6543   0.0880   10.881    0.035   4.773   0.014   5.653   0.017  0.339  27.80 20.710  0.061 13.696  0.041
      HCG60c  180.7790   51.6854   0.06430   0.00060   271.537  16.4540   0.0054  15.7374   0.0041  15.2909   0.0049  14.4750   0.1280  0.0887  0.0643  0.0488   0.1151   0.0979   0.0260  -0.1119  -21.0542   0.0054  -21.7293   0.0041  -22.0884   0.0049  -22.7176   0.1280   10.755    0.051   6.021   0.023   7.448   0.029  0.453 -87.40 25.411  0.098 13.904  0.055
      HCG60d  180.7900   51.6782   0.06078   0.00016   256.901  16.5314   0.0041  15.6511   0.0034  15.2721   0.0037  14.6810   0.1170  0.0901  0.0654  0.0496   0.1637   0.0625   0.0389  -0.1176  -20.8994   0.0041  -21.6537   0.0034  -21.9933   0.0037  -22.3783   0.1170   10.808    0.047   4.152   0.016   4.875   0.018  0.129   5.40 15.545  0.058 13.538  0.051
      HCG66a  204.6590   57.3123   0.06901   0.00012   291.093  15.3311   0.0026  14.4063   0.0015  13.9771   0.0018  13.0310   0.0700  0.0299  0.0217  0.0164   0.1973   0.0915   0.0588  -0.1207  -22.3612   0.0026  -23.1719   0.0015  -23.5632   0.0018  -24.3134   0.0700   11.427    0.028   6.062   0.012   8.003   0.016  0.154  31.40 24.591  0.049 20.804  0.042
      HCG66b  204.6680   57.3125   0.07152   0.00017   301.491  16.3291   0.0050  15.4685   0.0029  15.0591   0.0035 -99.0000 -99.0000  0.0297  0.0216  0.0163   0.1829   0.0877   0.0526 -99.0000  -21.4299   0.0050  -22.1871   0.0029  -22.5562   0.0035  -99.0000 -99.0000   11.006    0.003   4.969   0.017   6.778   0.023  0.434  66.30 21.977  0.076 12.444  0.041
      HCG66c  204.6460   57.3082   0.06938   0.00025   292.658  16.7434   0.0037  15.8665   0.0022  15.4798   0.0028  14.8110   0.1150  0.0295  0.0214  0.0162   0.1883   0.0765   0.0469  -0.1284  -20.9518   0.0037  -21.7088   0.0022  -22.0608   0.0028  -22.5381   0.1150   10.828    0.046   2.185   0.008   2.899   0.010  0.520  75.20 12.509  0.044  6.000  0.021
      HCG66d  204.6430   57.3043   0.06893   0.00018   290.790  17.7527   0.0067  16.8219   0.0038  16.4156   0.0045  15.4150   0.1460  0.0291  0.0211  0.0160   0.2008   0.0843   0.0553  -0.1240  -19.9399   0.0067  -20.7462   0.0038  -21.1184   0.0045  -21.9236   0.1460   10.460    0.059   1.416   0.007   1.868   0.010  0.194   7.00  6.053  0.032  4.878  0.025
      HCG68d  208.4400   40.3387   0.00782   0.00002    33.451  13.8179   0.0007  13.1347   0.0006  12.7611   0.0008  12.3010   0.0290  0.0399  0.0290  0.0220   0.0093   0.0097   0.0071  -0.0136  -18.8703   0.0007  -19.5429   0.0006  -19.9069   0.0008  -20.3244   0.0290    9.866    0.012   7.509   0.007   1.208   0.001  0.320 -61.80 37.041  0.037 25.176  0.024
      HCG68e  208.5020   40.2773   0.00805   0.00002    34.420  14.2985   0.0008  13.5901   0.0007  13.2186   0.0008  12.7480   0.0380  0.0378  0.0274  0.0208   0.0103   0.0106   0.0075  -0.0139  -18.4512   0.0008  -19.1494   0.0007  -19.5112   0.0008  -19.9396   0.0380    9.704    0.015   6.025   0.007   0.997   0.001  0.624  49.30 36.491  0.042 13.739  0.015
      HCG69b  208.8930   25.0498   0.02910   0.00009   123.893  15.4180   0.0014  14.7268   0.0012  14.3737   0.0015  13.6080   0.0570  0.0679  0.0493  0.0374   0.0472   0.0485   0.0170  -0.0521  -20.2247   0.0014  -20.8984   0.0012  -21.2082   0.0015  -21.8674   0.0570   10.390    0.023   4.356   0.008   2.542   0.005  0.320 -21.90 17.408  0.033 11.829  0.022
      HCG69c  208.8860   25.0744   0.02851   0.00015   121.380  15.5708   0.0014  14.7918   0.0012  14.4261   0.0014  13.8930   0.0530  0.0687  0.0498  0.0378   0.0606   0.0411   0.0208  -0.0524  -20.0403   0.0014  -20.7810   0.0012  -21.1143   0.0014  -21.5364   0.0530   10.405    0.021   2.968   0.006   1.698   0.003  0.360  19.20 16.224  0.031 10.382  0.019
      HCG69d  208.8680   25.0736   0.02955   0.00016   125.804  16.5719   0.0027  15.7961   0.0021  15.3776   0.0026 -99.0000 -99.0000  0.0683  0.0495  0.0376   0.0540   0.0574   0.0270 -99.0000  -19.1121   0.0027  -19.8726   0.0021  -20.2487   0.0026  -99.0000 -99.0000   10.021    0.002   2.897   0.010   1.716   0.006  0.524 -47.80 14.886  0.050  7.082  0.021
      HCG70d  211.0410   33.3460   0.06286   0.00016   265.554  15.6146   0.0019  14.9560   0.0016  14.5628   0.0017  13.7070   0.0750  0.0591  0.0428  0.0325   0.0994   0.0799   0.0199  -0.1119  -21.7970   0.0019  -22.4198   0.0016  -22.7427   0.0017  -23.4343   0.0750   11.000    0.030   4.925   0.010   5.966   0.012  0.245   1.00 20.048  0.039 15.130  0.028
      HCG70e  211.0240   33.3207   0.06377   0.00018   269.316  15.7917   0.0020  15.2425   0.0018  14.8884   0.0019  14.2360   0.0750  0.0586  0.0425  0.0322   0.0751   0.0729  -0.0043  -0.1175  -21.6276   0.0020  -22.1584   0.0018  -22.4251   0.0019  -22.9321   0.0750   10.834    0.030   4.075   0.009   5.002   0.012  0.140 -74.10 15.198  0.035 13.066  0.031
      HCG70f  211.0180   33.3292   0.06419   0.00043   271.067  16.8180   0.0048  16.3659   0.0049  16.0875   0.0061  16.1630   0.2600  0.0587  0.0426  0.0323   0.0570   0.0494  -0.0344  -0.1355  -20.5981   0.0048  -21.0265   0.0049  -21.2109   0.0061  -21.0020   0.2600   10.296    0.104   4.786   0.023   5.911   0.028  0.169 -67.90 15.909  0.076 13.213  0.061
      HCG70g  211.0010   33.3317   0.06341   0.00030   267.835  15.8868   0.0014  15.1829   0.0012  14.8043   0.0014  14.1330   0.0670  0.0586  0.0425  0.0323   0.1163   0.0708   0.0243  -0.1158  -21.5610   0.0014  -22.2033   0.0012  -22.5251   0.0014  -23.0241   0.0670   10.938    0.027   2.139   0.006   2.612   0.007  0.293 -78.90 13.687  0.037  9.677  0.026
      HCG72a  221.9720   19.0771   0.04172   0.00012   177.090  15.7361   0.0016  14.8732   0.0011  14.4467   0.0013 -99.0000 -99.0000  0.1280  0.0929  0.0704   0.0996   0.0614   0.0358 -99.0000  -20.8212   0.0016  -21.6108   0.0011  -21.9893   0.0013  -99.0000 -99.0000   10.770    0.001   2.582   0.005   2.128   0.004  0.603  15.30 17.728  0.036  7.041  0.014
      HCG72c  221.9870   19.0451   0.04357   0.00013   184.882  15.6617   0.0020  14.7838   0.0016  14.3799   0.0018  13.3600   0.0800  0.1243  0.0901  0.0683   0.1109   0.0550   0.0354  -0.0807  -21.0006   0.0020  -21.7884   0.0016  -22.1509   0.0018  -22.9864   0.0800   10.856    0.032   4.921   0.009   4.226   0.007  0.272  51.30 19.639  0.034 14.298  0.025
      HCG74d  229.8820   20.8836   0.03896   0.00014   165.513  16.3098   0.0030  15.3100   0.0021  14.8743   0.0022  14.1750   0.0880  0.3646  0.2645  0.2005   0.1086   0.0451   0.0351  -0.0728  -20.3406   0.0030  -21.1767   0.0021  -21.5385   0.0022  -21.9293   0.0880   10.633    0.035   3.450   0.009   2.664   0.007  0.192 -31.80 15.432  0.041 12.469  0.033
      HCG74e  229.8660   20.9089   0.03832   0.00032   162.814  17.8182   0.0067  16.8759   0.0047  16.4528   0.0053 -99.0000 -99.0000  0.3513  0.2548  0.1932   0.0982   0.0465   0.0309 -99.0000  -18.7715   0.0067  -19.5656   0.0047  -19.9114   0.0053  -99.0000 -99.0000    9.968    0.004   2.102   0.011   1.598   0.008  0.389 -17.30  9.836  0.051  6.008  0.032
      HCG75c  230.4120   21.1770   0.04100   0.00019   174.088  16.1375   0.0027  15.2413   0.0018  14.7738   0.0022  14.0430   0.0880  0.2340  0.1697  0.1287   0.0990   0.0631   0.0373  -0.0729  -20.4867   0.0027  -21.2826   0.0018  -21.6833   0.0022  -22.1752   0.0880   10.644    0.035   4.624   0.011   3.749   0.009  0.267  73.90 19.726  0.048 14.465  0.035
      HCG75d  230.4050   21.1815   0.04114   0.00014   174.677  16.3223   0.0027  15.5907   0.0021  15.1602   0.0029  14.3310   0.1030  0.2343  0.1700  0.1289   0.0656   0.0665   0.0242  -0.0731  -20.2764   0.0027  -20.9445   0.0021  -21.2916   0.0029  -21.8946   0.1030   10.428    0.041   4.050   0.012   3.294   0.010  0.509  24.70 19.439  0.056  9.543  0.026
      HCG75e  230.3920   21.1790   0.04103   0.00100   174.197  16.3665   0.0026  15.4645   0.0016  15.1549   0.0027  14.2720   0.0840  0.2338  0.1696  0.1286   0.1050   0.0372   0.0260  -0.0838  -20.2648   0.0026  -21.0348   0.0016  -21.2922   0.0027  -21.9368   0.0840   10.551    0.034   3.638   0.011   2.952   0.009  0.579 -61.50 19.311  0.057  8.135  0.024
      HCG75f  230.3740   21.1855   0.04363   0.00022   185.134  16.7347   0.0025  15.8163   0.0020  15.5737   0.0029 -99.0000 -99.0000  0.2336  0.1694  0.1285   0.1068   0.0380   0.0256 -99.0000  -20.0359   0.0025  -20.8212   0.0020  -21.0105   0.0029  -99.0000 -99.0000   10.442    0.002   1.685   0.007   1.449   0.006  0.290  21.60  8.634  0.034  6.129  0.024
      HCG76a  232.9480    7.3081   0.03365   0.00009   143.115  15.2892   0.0013  14.3913   0.0007  13.9364   0.0009  13.1120   0.0570  0.1538  0.1115  0.0846   0.0811   0.0588   0.0344  -0.0582  -20.7960   0.0013  -21.6293   0.0007  -22.0328   0.0009  -22.6801   0.0570   10.779    0.023   4.339   0.006   2.912   0.004  0.670  23.10 24.696  0.033  8.146  0.011
      HCG76c  232.9030    7.3124   0.03557   0.00010   151.205  14.7437   0.0013  13.8564   0.0009  13.4205   0.0011  12.8710   0.0570  0.1517  0.1100  0.0834   0.0886   0.0533   0.0332  -0.0635  -21.4704   0.0013  -22.2807   0.0009  -22.6699   0.0011  -23.0392   0.0570   11.049    0.023   6.544   0.009   4.632   0.006  0.076  49.00 30.223  0.041 27.933  0.037
      HCG76d  232.9260    7.2874   0.03400   0.00010   144.609  15.2092   0.0016  14.4006   0.0010  13.9599   0.0013  13.2040   0.0850  0.1521  0.1103  0.0837   0.0669   0.0616   0.0298  -0.0586  -20.8834   0.0016  -21.6449   0.0010  -22.0271   0.0013  -22.6110   0.0850   10.741    0.034   4.621   0.007   3.133   0.005  0.076 -70.70 21.177  0.034 19.558  0.032
      HCG76e  232.9590    7.3116   0.03445   0.00017   146.490  16.6866   0.0035  15.8734   0.0024  15.4683   0.0030  14.6210   0.1540  0.1547  0.1122  0.0851   0.0731   0.0536   0.0261  -0.0619  -19.4438   0.0035  -20.1950   0.0024  -20.5455   0.0030  -21.2197   0.1540   10.171    0.062   3.221   0.010   2.211   0.007  0.216  -4.10 12.893  0.041 10.114  0.034
      HCG76g  232.9000    7.3498   0.03283   0.00027   139.666  16.8871   0.0060  16.1312   0.0040  15.6768   0.0047  14.8390   0.1670  0.1523  0.1104  0.0837   0.0536   0.0621   0.0296  -0.0555  -19.1144   0.0060  -19.8369   0.0040  -20.2321   0.0047  -20.9011   0.1670   10.008    0.067   6.626   0.021   4.344   0.014  0.795  47.60 35.239  0.114  7.218  0.026
      HCG81a  244.5570   12.8029   0.04895   0.00015   207.469  16.4573   0.0027  15.7934   0.0021  15.3802   0.0022  14.4940   0.0820  0.2437  0.1767  0.1340   0.0655   0.0725   0.0149  -0.0883  -20.5404   0.0027  -21.1444   0.0021  -21.4573   0.0022  -22.1063   0.0820   10.467    0.033   3.110   0.006   2.982   0.006  0.419 -74.60 13.301  0.026  7.731  0.015
      HCG81b  244.5590   12.7887   0.05054   0.00031   214.091  16.2167   0.0025  15.2991   0.0016  14.8310   0.0016  13.9640   0.0700  0.2448  0.1776  0.1347   0.1275   0.0724   0.0433  -0.0907  -20.9157   0.0025  -21.7109   0.0016  -22.1070   0.0016  -22.7054   0.0700   10.822    0.028   3.179   0.005   3.141   0.005  0.449  86.90 16.359  0.028  9.007  0.015
      HCG82a  247.0930   32.8493   0.03728   0.00010   158.429  14.1883   0.0009  13.3132   0.0007  12.8912   0.0008  12.2770   0.0340  0.0804  0.0583  0.0442   0.0952   0.0535   0.0346  -0.0671  -22.0660   0.0009  -22.8772   0.0007  -23.2662   0.0008  -23.7346   0.0340   11.294    0.014  10.334   0.008   7.652   0.006  0.275 -50.00 41.898  0.033 30.368  0.024
      HCG82b  247.1160   32.8464   0.03485   0.00012   148.165  14.7434   0.0013  13.8902   0.0010  13.4317   0.0012  12.6740   0.0390  0.0816  0.0592  0.0449   0.0808   0.0604   0.0354  -0.0602  -21.3471   0.0013  -22.1575   0.0010  -22.5766   0.0012  -23.1939   0.0390   10.988    0.016   8.217   0.011   5.704   0.007  0.220 -45.40 35.461  0.046 27.657  0.033
      HCG82c  247.0860   32.8106   0.03367   0.00013   143.212  15.6404   0.0030  14.7554   0.0021  14.3291   0.0025  13.6340   0.0510  0.0805  0.0584  0.0443   0.0908   0.0433   0.0323  -0.0615  -20.3828   0.0030  -21.1981   0.0021  -21.5993   0.0025  -22.1563   0.0510   10.641    0.020   6.780   0.015   4.554   0.010  0.550  65.70 33.540  0.075 15.102  0.032
      HCG82d  247.0700   32.8133   0.03898   0.00015   165.568  16.3120   0.0021  15.4742   0.0016  15.0617   0.0018  14.3510   0.0650  0.0803  0.0583  0.0442   0.0934   0.0548   0.0325  -0.0706  -20.0396   0.0021  -20.8168   0.0016  -21.1929   0.0018  -21.7563   0.0650   10.455    0.026   2.179   0.006   1.683   0.005  0.618  39.50 13.691  0.037  5.225  0.013
      HCG84a  251.0950   77.8388   0.05555   0.00020   235.071  15.0839   0.0020  14.1871   0.0014  13.7384   0.0015  13.1860   0.0750  0.1440  0.1044  0.0792   0.1442   0.0756   0.0454  -0.1004  -22.1776   0.0020  -22.9663   0.0014  -23.3596   0.0015  -23.6870   0.0750   11.329    0.030   6.803   0.010   7.345   0.011  0.302 -88.40 26.565  0.038 18.531  0.026
      HCG84b  251.0560   77.8586   0.05522   0.00024   233.676  16.1614   0.0027  15.2671   0.0018  14.8285   0.0021  14.1730   0.1030  0.1434  0.1040  0.0789   0.1429   0.0727   0.0444  -0.1005  -21.0847   0.0027  -21.8694   0.0018  -22.2546   0.0021  -22.6863   0.1030   10.890    0.041   3.358   0.009   3.606   0.010  0.548  32.50 16.876  0.044  7.625  0.020
      HCG84c  251.1250   77.8303   0.05455   0.00024   230.876  16.1016   0.0038  15.2430   0.0026  14.7550   0.0031  14.3010   0.1110  0.1440  0.1045  0.0792   0.1299   0.0875   0.0425  -0.0967  -21.1045   0.0038  -21.8812   0.0026  -22.2989   0.0031  -22.5345   0.1110   10.877    0.044   5.006   0.015   5.314   0.016  0.466 -63.10 23.419  0.069 12.498  0.039
      HCG84d  251.0100   77.8565   0.05604   0.00031   237.105  17.0508   0.0033  16.1311   0.0023  15.6682   0.0025 -99.0000 -99.0000  0.1428  0.1036  0.0785   0.1460   0.0832   0.0516 -99.0000  -20.2311   0.0033  -21.0487   0.0023  -21.4550   0.0025  -99.0000 -99.0000   10.563    0.002   1.727   0.006   1.880   0.006  0.601   5.70 10.128  0.034  4.042  0.013
      HCG84e  251.1120   77.8381   0.05654   0.00027   239.192  17.0254   0.0109  16.2085   0.0092  15.7851   0.0097  14.9650   0.1690  0.1443  0.1046  0.0793   0.1314   0.0698   0.0311  -0.1060  -20.2634   0.0109  -20.9791   0.0092  -21.3385   0.0097  -21.9422   0.1690   10.506    0.068   3.414   0.032   3.747   0.035  0.188 -69.60 10.567  0.098  8.576  0.076
      HCG88a  313.1480   -5.7111   0.02012   0.00008    85.854  13.6509   0.0010  12.8503   0.0008  12.4152   0.0009  11.6150   0.0330  0.3038  0.2204  0.1671   0.0331   0.0336   0.0181  -0.0353  -21.3981   0.0010  -22.1157   0.0008  -22.4821   0.0009  -23.0618   0.0330   10.906    0.013  13.023   0.011   5.314   0.005  0.597  35.60 58.752  0.051 23.662  0.022
      HCG88b  313.1240   -5.7461   0.02066   0.00005    88.108  13.7127   0.0012  12.9170   0.0009  12.5187   0.0011  11.8670   0.0470  0.3018  0.2189  0.1660   0.0358   0.0333   0.0156  -0.0372  -21.3944   0.0012  -22.1047   0.0009  -22.4324   0.0011  -22.8653   0.0470   10.884    0.019  13.309   0.015   5.570   0.006  0.220  62.10 47.938  0.052 37.415  0.038
      HCG88c  313.1080   -5.7723   0.01987   0.00002    84.766  14.4042   0.0021  13.7969   0.0019  13.5523   0.0025  13.7410   0.0910  0.2929  0.2125  0.1611   0.0221   0.0230  -0.0001  -0.0438  -20.5947   0.0021  -21.1224   0.0019  -21.2925   0.0025  -20.8991   0.0910   10.351    0.036  12.229   0.025   4.928   0.010  0.068  79.90 38.128  0.077 35.546  0.075
      HCG88d  313.0530   -5.7983   0.02015   0.00001    85.972  15.4646   0.0033  14.8492   0.0026  14.5206   0.0029  13.9450   0.0930  0.2809  0.2038  0.1545   0.0198   0.0263   0.0078  -0.0377  -19.5512   0.0033  -20.0960   0.0026  -20.3568   0.0029  -20.7324   0.0930    9.999    0.037   8.480   0.020   3.465   0.008  0.772 -20.10 45.255  0.109 10.295  0.026
      HCG89a  320.0040   -3.9221   0.02938   0.00003   125.081  14.9335   0.0023  14.4325   0.0024  14.1552   0.0029  13.8240   0.1130  0.2349  0.1704  0.1292   0.0189   0.0437  -0.0023  -0.0568  -20.8692   0.0023  -21.3305   0.0024  -21.5205   0.0029  -21.6680   0.1130   10.424    0.045  11.657   0.026   6.867   0.015  0.468 -35.10 43.570  0.096 23.202  0.052
      HCG89b  320.0800   -3.8960   0.02963   0.00015   126.151  15.5874   0.0029  15.1609   0.0031  14.8558   0.0040  14.8340   0.1550  0.2216  0.1607  0.1219   0.0084   0.0417  -0.0001  -0.0550  -20.2104   0.0029  -20.6094   0.0031  -20.8338   0.0040  -20.6788   0.1550   10.164    0.062   7.707   0.024   4.578   0.014  0.500  52.40 32.681  0.100 16.331  0.047
      HCG89c  320.0350   -3.9176   0.02959   0.00013   125.982  16.0142   0.0033  15.5037   0.0035  15.2076   0.0043  14.8750   0.1600  0.2320  0.1683  0.1276   0.0198   0.0438   0.0005  -0.0561  -19.8024   0.0033  -20.2733   0.0035  -20.4854   0.0043  -20.6337   0.1600   10.027    0.064   5.892   0.021   3.495   0.012  0.441 -86.80 24.140  0.084 13.497  0.045
      HCG89d  320.0330   -3.9084   0.02954   0.00011   125.770  16.6655   0.0040  16.4345   0.0055  16.2502   0.0078 -99.0000 -99.0000  0.2302  0.1670  0.1266  -0.0194   0.0598  -0.0195 -99.0000  -19.1064   0.0040  -19.3534   0.0055  -19.4180   0.0078  -99.0000 -99.0000    9.494    0.004   4.278   0.022   2.534   0.013  0.507 -12.70 17.660  0.090  8.703  0.049
      HCG92e  338.9660   33.9449   0.02201   0.00009    93.868  14.5235   0.0011  13.6738   0.0008  13.1616   0.0009  12.4470   0.0410  0.3027  0.2195  0.1665   0.0361   0.0428   0.0265  -0.0364  -20.7252   0.0011  -21.4985   0.0008  -21.9412   0.0009  -22.4265   0.0410   10.704    0.016   5.605   0.006   2.496   0.003  0.159  -3.60 25.156  0.029 21.153  0.024
      HCG92f  339.0850   33.9850   0.01996   0.00003    85.174  15.7269   0.0033  14.9333   0.0026  14.5430   0.0032  14.3730   0.0790  0.2957  0.2144  0.1626   0.0438   0.0171   0.0126  -0.0418  -19.3071   0.0033  -19.9927   0.0026  -20.3267   0.0032  -20.2796   0.0790   10.114    0.032   8.882   0.023   3.596   0.009  0.123 -84.70 27.420  0.072 24.037  0.064
      HCG93a  348.8170   18.9618   0.01692   0.00007    72.229  12.9085   0.0006  11.9551   0.0004  11.4764   0.0005  10.7620   0.0250  0.5190  0.3764  0.2854   0.0350   0.0281   0.0173  -0.0300  -21.9755   0.0006  -22.7794   0.0004  -23.1563   0.0005  -23.5380   0.0250   11.199    0.010  15.981   0.009   5.503   0.003  0.062  55.80 66.556  0.037 62.424  0.035
      HCG93b  348.8220   19.0417   0.01580   0.00001    67.468  13.6173   0.0011  12.9273   0.0009  12.5226   0.0010  12.1390   0.0430  0.5547  0.4023  0.3051   0.0149   0.0168   0.0084  -0.0295  -21.1319   0.0011  -21.6713   0.0009  -21.9704   0.0010  -22.0110   0.0430   10.663    0.017  14.752   0.015   4.750   0.005  0.516 -66.50 84.121  0.083 40.726  0.028
      HCG93c  348.7640   18.9734   0.01592   0.00003    67.975  14.1472   0.0010  13.1860   0.0007  12.6528   0.0007  11.8200   0.0310  0.5365  0.3891  0.2951   0.0319   0.0270   0.0187  -0.0277  -20.6173   0.0010  -21.4262   0.0007  -21.8570   0.0007  -22.3484   0.0310   10.678    0.012   9.807   0.008   3.181   0.003  0.557  14.80 52.955  0.044 23.471  0.019
      HCG93d  348.8880   19.0482   0.01726   0.00011    73.662  15.1938   0.0014  14.2344   0.0010  13.7365   0.0009  12.8770   0.0480  0.5467  0.3965  0.3007   0.0351   0.0295   0.0183  -0.0302  -19.7613   0.0014  -20.5649   0.0010  -20.9558   0.0009  -21.4661   0.0480   10.313    0.019   4.135   0.006   1.452   0.002  0.110  76.30 19.035  0.026 16.951  0.023
      HCG94c  349.3340   18.7349   0.03976   0.00008   168.850  15.6005   0.0019  14.6348   0.0014  14.1797   0.0014  13.3300   0.0610  0.2680  0.1944  0.1474   0.1086   0.0547   0.0386  -0.0718  -20.9982   0.0019  -21.8364   0.0014  -22.2284   0.0014  -22.8204   0.0610   10.893    0.024   4.755   0.008   3.743   0.006  0.594  74.10 28.598  0.047 11.604  0.019
      HCG94e  349.3140   18.7274   0.04086   0.00034   173.499  17.0562   0.0061  16.1066   0.0047  15.7015   0.0048  15.2980   0.3680  0.2700  0.1959  0.1485   0.1109   0.0451   0.0336  -0.0779  -19.6082   0.0061  -20.4178   0.0047  -20.7641   0.0048  -20.9075   0.3680   10.322    0.147   5.430   0.022   4.388   0.017  0.733 -88.20 28.522  0.113  7.630  0.033
      HCG94f  349.3270   18.7396   0.04349   0.00007   184.546  17.3129   0.0050  16.2995   0.0040  15.8853   0.0041  15.0980   0.1760  0.2714  0.1968  0.1493   0.1246   0.0529   0.0405  -0.0806  -19.5061   0.0050  -20.3732   0.0040  -20.7274   0.0041  -21.2444   0.1760   10.312    0.070   2.271   0.011   1.947   0.009  0.162  61.20 11.171  0.053  9.365  0.046
      HCG94g  349.3330   18.7495   0.04403   0.00038   186.814  17.7332   0.0055  16.8577   0.0042  16.4168   0.0042  15.8420   0.1370  0.2731  0.1981  0.1502   0.1071   0.0542   0.0318  -0.0825  -19.0977   0.0055  -19.8452   0.0042  -20.2158   0.0042  -20.5261   0.1370   10.071    0.055   1.818   0.009   1.577   0.008  0.474 -55.60  9.461  0.046  4.973  0.023
      HCG95d  349.8660    9.4944   0.04120   0.00032   174.900  16.5547   0.0037  15.6671   0.0027  15.1878   0.0027  14.1020   0.0910  0.1753  0.1271  0.0964   0.0966   0.0715   0.0406  -0.0715  -20.0187   0.0037  -20.8331   0.0027  -21.2508   0.0027  -22.1281   0.0910   10.458    0.036   5.159   0.014   4.201   0.012  0.819  56.70 28.714  0.080  5.211  0.015
      HCG96a  351.9860    8.7790   0.02892   0.00003   123.148  13.4682   0.0008  12.9680   0.0007  12.6302   0.0007  11.6360   0.0450  0.2249  0.1631  0.1237   0.0099   0.0557   0.0089  -0.0496  -22.2806   0.0008  -22.7649   0.0007  -23.0164   0.0007  -23.8285   0.0450   11.040    0.018  11.537   0.010   6.694   0.006  0.091  47.00 38.753  0.032 35.243  0.030
      HCG96b  352.0250    8.7686   0.02874   0.00014   122.370  14.3972   0.0013  13.5186   0.0008  13.0823   0.0008  12.2390   0.0430  0.2223  0.1612  0.1222   0.0642   0.0492   0.0268  -0.0501  -21.3892   0.0013  -22.1917   0.0008  -22.5667   0.0008  -23.2108   0.0430   10.981    0.017   5.837   0.006   3.366   0.004  0.210 -53.10 28.646  0.032 22.629  0.025
      HCG96c  351.9950    8.7828   0.02953   0.00003   125.698  15.5135   0.0018  14.7286   0.0011  14.2537   0.0012  13.3020   0.0550  0.2240  0.1625  0.1232   0.0459   0.0592   0.0296  -0.0489  -20.3162   0.0018  -21.0530   0.0011  -21.4590   0.0012  -22.2089   0.0550   10.496    0.022   3.056   0.005   1.809   0.003  0.308 -41.90 15.178  0.027 10.500  0.020
      HCG96d  352.0010    8.7673   0.02994   0.00019   127.432  16.7134   0.0037  16.3363   0.0035  16.1043   0.0042 -99.0000 -99.0000  0.2238  0.1623  0.1231   0.0008   0.0543  -0.0112 -99.0000  -19.1017   0.0037  -19.4707   0.0035  -19.5981   0.0042  -99.0000 -99.0000    9.583    0.003   2.723   0.012   1.633   0.007  0.463 -88.70 11.970  0.051  6.427  0.027
      HCG97a  356.8460   -2.3007   0.02312   0.00007    98.580  13.5807   0.0008  12.7216   0.0007  12.3111   0.0007  11.6990   0.0420  0.1282  0.0930  0.0705   0.0507   0.0402   0.0230  -0.0400  -21.6168   0.0008  -22.4302   0.0007  -22.8010   0.0007  -23.2796   0.0420   11.069    0.017  14.644   0.010   6.841   0.005  0.314  62.70 52.001  0.036 35.653  0.024
      HCG97b  356.9080   -2.3167   0.02224   0.00007    94.814  15.2324   0.0022  14.4499   0.0017  14.0834   0.0018  13.2600   0.0660  0.1348  0.0978  0.0741   0.0421   0.0364   0.0171  -0.0398  -19.8766   0.0022  -20.6164   0.0017  -20.9400   0.0018  -21.6323   0.0660   10.302    0.026   9.758   0.016   4.388   0.007  0.818  49.10 52.463  0.084  9.531  0.018
      HCG97c  356.8490   -2.3512   0.02002   0.00009    85.429  14.5105   0.0011  13.7404   0.0009  13.3354   0.0010  12.7210   0.0510  0.1293  0.0938  0.0711   0.0339   0.0350   0.0185  -0.0349  -20.3538   0.0011  -21.0895   0.0009  -21.4553   0.0010  -21.9451   0.0510   10.494    0.020   6.340   0.008   2.574   0.003  0.383 -52.60 30.901  0.039 19.080  0.023
      HCG97e  356.8330   -2.2807   0.02223   0.00008    94.801  16.0593   0.0026  15.2198   0.0021  14.8250   0.0024  14.4850   0.1090  0.1258  0.0912  0.0692   0.0505   0.0324   0.0202  -0.0402  -19.0488   0.0026  -19.8357   0.0021  -20.1961   0.0024  -20.4067   0.1090   10.045    0.044   2.993   0.008   1.346   0.004  0.231  -4.40 15.201  0.043 11.691  0.035
      HCG99a    0.1581   28.3846   0.02904   0.00003   123.626  14.4925   0.0010  13.6396   0.0007  13.0622   0.0008  12.2190   0.0400  0.2338  0.1696  0.1286   0.0410   0.0742   0.0414  -0.0462  -21.3050   0.0010  -22.1269   0.0007  -22.6305   0.0008  -23.2576   0.0400   10.993    0.016   8.639   0.008   5.032   0.005  0.582 -89.20 39.546  0.038 16.524  0.017
      HCG99b    0.1957   28.4020   0.02923   0.00006   124.459  14.2466   0.0010  13.3127   0.0008  12.8588   0.0009  12.0260   0.0510  0.2357  0.1710  0.1296   0.0723   0.0497   0.0307  -0.0506  -21.5992   0.0010  -22.4457   0.0008  -22.8392   0.0009  -23.4611   0.0510   11.109    0.020   8.537   0.009   5.005   0.005  0.145 -60.00 36.416  0.039 31.125  0.032
      HCG99c    0.1833   28.4014   0.02721   0.00011   115.892  14.9955   0.0020  14.0955   0.0015  13.6537   0.0017  13.2170   0.0660  0.2354  0.1708  0.1295   0.0681   0.0378   0.0260  -0.0491  -20.6866   0.0020  -21.4917   0.0015  -21.8804   0.0017  -22.1125   0.0660   10.737    0.026  10.304   0.014   5.636   0.008  0.318   4.20 38.317  0.053 26.124  0.041
      HCG99d    0.1879   28.3717   0.02883   0.00027   122.751  16.7535   0.0037  15.8434   0.0030  15.4382   0.0035  14.9570   0.1620  0.2338  0.1696  0.1286   0.0733   0.0372   0.0256  -0.0532  -19.0604   0.0037  -19.8702   0.0030  -20.2229   0.0035  -20.4966   0.1620   10.088    0.065   3.648   0.012   2.110   0.007  0.417  72.40 16.158  0.054  9.423  0.034
      HCG99e    0.1767   28.3690   0.03004   0.00032   127.884  17.2143   0.0033  16.3634   0.0026  15.9454   0.0031  14.8150   0.1550  0.2338  0.1696  0.1286   0.0638   0.0506   0.0251  -0.0528  -18.6817   0.0033  -19.4552   0.0026  -19.8066   0.0031  -20.7305   0.1550    9.872    0.062   1.825   0.007   1.098   0.004  0.298  12.40  8.207  0.033  5.759  0.024
 LEDA3080767   75.5232   -4.5003   0.01321   0.00015    56.441  14.8426   0.0022  14.3618   0.0018  14.0589   0.0028  13.9480   0.1040  0.3319  0.2407  0.1825   0.0029   0.0109   0.0034  -0.0251  -19.2787   0.0022  -19.6762   0.0018  -19.9134   0.0028  -19.8134   0.1040    9.788    0.042   9.831   0.022   2.655   0.006  0.438 -69.60 39.470  0.086 22.175  0.047
