# objectHCG ra_deg  dec_deg  groupNumber ANG_SIZE_MAJ ANG_SIZE_MIN
  HCG01b    6.52479 25.7193  1      1.43         0.36        
  HCG16d    32.4289 -10.1841 16     1.4          0.7         
  HCG21a    41.3251 -17.7084 21     1.8          0.6         
  HCG21b    41.4003 -17.6889 21     1.7          0.7         
  HCG21c    41.2236 -17.6591 21     1.8          1.3         
  HCG25f    50.1889 -1.05397 25     0.7          0.34        
  HCG26a    50.4803 -13.6501 26     0.9          0.11        
  HCG26b    50.4851 -13.6485 26     0.65         0.32        
  HCG26c    50.4559 -13.6449 26     0.32         0.15        
  HCG26d    50.4855 -13.6451 26     0.19         0.17        
  HCG26g    50.4801 -13.6484 26     0.2          0.17        
  HCG31a    75.4111 -4.25933 31     1.08         0.66        
  HCG31b    75.4007 -4.26203 31     0.87         0.46        
  HCG31c    75.4073 -4.25789 31     0.61         0.23        
  HCG37a    138.414 29.993   37     2.04         0.98        
  HCG44a    154.523 21.8323  44     4.4          1.5         
  HCG44b    154.604 21.894   44     3.0          2.7         
  HCG51a    170.61  24.2991  51     1.33         1.23        
  HCG51d    170.627 24.2999  51     0.3          0.3         
  HCG51f    170.61  24.2954  51     0.57         0.28        
  HCG55a    173.029 70.8155  55     0.44         0.43        
  HCG55b    173.023 70.8066  55     0.26         0.23        
  HCG55c    173.024 70.8108  55     0.57         0.38        
  HCG55d    173.028 70.8212  55     0.27         0.22        
  HCG59d    177.128 12.7298  59     0.69         0.43        
  HCG72b    221.979 19.06    72     0.52         0.22        
  HCG74b    229.851 20.8908  74     0.62         0.43        
  HCG75b    230.377 21.1924  75     0.63         0.17        
  HCG75h    230.382 21.1696  75     0.22         0.13        
  HCG76f    232.915 7.33594  76     0.47         0.32        
  HCG79a    239.796 20.7549  79     0.5          0.4         
  HCG79c    239.795 20.7622  79     0.4          0.2         
  HCG79d    239.799 20.7476  79     0.9          0.2         
  HCG79f    239.81  20.7659  79     0.8          0.4         
  HCG83a    248.901 6.26536  83     0.26         0.26        
  HCG83b    248.918 6.26231  83     0.3          0.23        
  HCG83c    248.93  6.27903  83     0.26         0.14        
  HCG83d    248.921 6.25903  83     0.12         0.1         
  HCG92b    338.993 33.9659  92     1.9          1.2         
  HCG97d    356.829 -2.3135  97     0.94         0.82        
