# objectHCG ra_deg    dec_deg    groupNumber ANG_SIZE_MAJ  ANG_SIZE_MIN 
  HCG01b 6.52479   25.7193    1      1.43          0.36         
  HCG01b 6.52479   25.7193    1      1.43          0.36         
  HCG01b 6.52479   25.7193    1      1.43          0.36         
  HCG01b 6.52479   25.7193    1      1.43          0.36         
  HCG01b 6.52479   25.7193    1      1.43          0.36         
  HCG01b 6.52479   25.7193    1      1.43          0.36         
  HCG01b 6.52479   25.7193    1      1.43          0.36         
  HCG01b 6.52479   25.7193    1      1.43          0.36         
  HCG01b 6.52479   25.7193    1      1.43          0.36         
  HCG01b 6.52479   25.7193    1      1.43          0.36         
  HCG01b 6.52479   25.7193    1      1.43          0.36         
  HCG01b 6.52479   25.7193    1      1.43          0.36         
  HCG01b 6.52479   25.7193    1      1.43          0.36         
  HCG01b 6.52479   25.7193    1      1.43          0.36         
  HCG01b 6.52479   25.7193    1      1.43          0.36         
  HCG01b 6.52479   25.7193    1      1.43          0.36         
  HCG01b 6.52479   25.7193    1      1.43          0.36         
  HCG01b 6.52479   25.7193    1      1.43          0.36         
  HCG01b 6.52479   25.7193    1      1.43          0.36         
  HCG01b 6.52479   25.7193    1      1.43          0.36         
  HCG01b 6.52479   25.7193    1      1.43          0.36         
  HCG01b 6.52479   25.7193    1      1.43          0.36         
  HCG01b 6.52479   25.7193    1      1.43          0.36         
  HCG01b 6.52479   25.7193    1      1.43          0.36         
  HCG01b 6.52479   25.7193    1      1.43          0.36         
  HCG01b 6.52479   25.7193    1      1.43          0.36         
  HCG01b 6.52479   25.7193    1      1.43          0.36         
  HCG06b 9.79258   -8.39711   6      0.71          0.29         
  HCG06b 9.79258   -8.39711   6      0.71          0.29         
  HCG06b 9.79258   -8.39711   6      0.71          0.29         
  HCG06b 9.79258   -8.39711   6      0.71          0.29         
  HCG06b 9.79258   -8.39711   6      0.71          0.29         
  HCG06b 9.79258   -8.39711   6      0.71          0.29         
  HCG06b 9.79258   -8.39711   6      0.71          0.29         
  HCG06b 9.79258   -8.39711   6      0.71          0.29         
  HCG06b 9.79258   -8.39711   6      0.71          0.29         
  HCG06b 9.79258   -8.39711   6      0.71          0.29         
  HCG06b 9.79258   -8.39711   6      0.71          0.29         
  HCG06b 9.79258   -8.39711   6      0.71          0.29         
  HCG06b 9.79258   -8.39711   6      0.71          0.29         
  HCG06b 9.79258   -8.39711   6      0.71          0.29         
  HCG06b 9.79258   -8.39711   6      0.71          0.29         
  HCG06b 9.79258   -8.39711   6      0.71          0.29         
  HCG06b 9.79258   -8.39711   6      0.71          0.29         
  HCG06b 9.79258   -8.39711   6      0.71          0.29         
  HCG06b 9.79258   -8.39711   6      0.71          0.29         
  HCG06b 9.79258   -8.39711   6      0.71          0.29         
  HCG06b 9.79258   -8.39711   6      0.71          0.29         
  HCG06b 9.79258   -8.39711   6      0.71          0.29         
  HCG06b 9.79258   -8.39711   6      0.71          0.29         
  HCG06b 9.79258   -8.39711   6      0.71          0.29         
  HCG06b 9.79258   -8.39711   6      0.71          0.29         
  HCG06b 9.79258   -8.39711   6      0.71          0.29         
  HCG06b 9.79258   -8.39711   6      0.71          0.29         
  HCG15e 31.8553   2.11611    15     0.3           0.3          
  HCG15e 31.8553   2.11611    15     0.3           0.3          
  HCG15e 31.8553   2.11611    15     0.3           0.3          
  HCG15e 31.8553   2.11611    15     0.3           0.3          
  HCG15e 31.8553   2.11611    15     0.3           0.3          
  HCG15e 31.8553   2.11611    15     0.3           0.3          
  HCG15e 31.8553   2.11611    15     0.3           0.3          
  HCG15e 31.8553   2.11611    15     0.3           0.3          
  HCG15e 31.8553   2.11611    15     0.3           0.3          
  HCG15e 31.8553   2.11611    15     0.3           0.3          
  HCG15e 31.8553   2.11611    15     0.3           0.3          
  HCG15e 31.8553   2.11611    15     0.3           0.3          
  HCG15e 31.8553   2.11611    15     0.3           0.3          
  HCG15e 31.8553   2.11611    15     0.3           0.3          
  HCG15e 31.8553   2.11611    15     0.3           0.3          
  HCG15e 31.8553   2.11611    15     0.3           0.3          
  HCG15e 31.8553   2.11611    15     0.3           0.3          
  HCG15e 31.8553   2.11611    15     0.3           0.3          
  HCG15e 31.8553   2.11611    15     0.3           0.3          
  HCG15e 31.8553   2.11611    15     0.3           0.3          
  HCG15e 31.8553   2.11611    15     0.3           0.3          
  HCG15e 31.8553   2.11611    15     0.3           0.3          
  HCG15e 31.8553   2.11611    15     0.3           0.3          
  HCG15e 31.8553   2.11611    15     0.3           0.3          
  HCG15e 31.8553   2.11611    15     0.3           0.3          
  HCG15e 31.8553   2.11611    15     0.3           0.3          
  HCG15e 31.8553   2.11611    15     0.3           0.3          
  HCG16d 32.4289   -10.1841   16     1.4           0.7          
  HCG16d 32.4289   -10.1841   16     1.4           0.7          
  HCG16d 32.4289   -10.1841   16     1.4           0.7          
  HCG16d 32.4289   -10.1841   16     1.4           0.7          
  HCG16d 32.4289   -10.1841   16     1.4           0.7          
  HCG16d 32.4289   -10.1841   16     1.4           0.7          
  HCG16d 32.4289   -10.1841   16     1.4           0.7          
  HCG16d 32.4289   -10.1841   16     1.4           0.7          
  HCG16d 32.4289   -10.1841   16     1.4           0.7          
  HCG16d 32.4289   -10.1841   16     1.4           0.7          
  HCG16d 32.4289   -10.1841   16     1.4           0.7          
  HCG16d 32.4289   -10.1841   16     1.4           0.7          
  HCG16d 32.4289   -10.1841   16     1.4           0.7          
  HCG16d 32.4289   -10.1841   16     1.4           0.7          
  HCG16d 32.4289   -10.1841   16     1.4           0.7          
  HCG16d 32.4289   -10.1841   16     1.4           0.7          
  HCG16d 32.4289   -10.1841   16     1.4           0.7          
  HCG16d 32.4289   -10.1841   16     1.4           0.7          
  HCG16d 32.4289   -10.1841   16     1.4           0.7          
  HCG16d 32.4289   -10.1841   16     1.4           0.7          
  HCG16d 32.4289   -10.1841   16     1.4           0.7          
  HCG16d 32.4289   -10.1841   16     1.4           0.7          
  HCG16d 32.4289   -10.1841   16     1.4           0.7          
  HCG16d 32.4289   -10.1841   16     1.4           0.7          
  HCG16d 32.4289   -10.1841   16     1.4           0.7          
  HCG16d 32.4289   -10.1841   16     1.4           0.7          
  HCG16d 32.4289   -10.1841   16     1.4           0.7          
  HCG17b 33.516    13.3131    17     0.54          0.43         
  HCG17b 33.516    13.3131    17     0.54          0.43         
  HCG17b 33.516    13.3131    17     0.54          0.43         
  HCG17b 33.516    13.3131    17     0.54          0.43         
  HCG17b 33.516    13.3131    17     0.54          0.43         
  HCG17b 33.516    13.3131    17     0.54          0.43         
  HCG17b 33.516    13.3131    17     0.54          0.43         
  HCG17b 33.516    13.3131    17     0.54          0.43         
  HCG17b 33.516    13.3131    17     0.54          0.43         
  HCG17b 33.516    13.3131    17     0.54          0.43         
  HCG17b 33.516    13.3131    17     0.54          0.43         
  HCG17b 33.516    13.3131    17     0.54          0.43         
  HCG17b 33.516    13.3131    17     0.54          0.43         
  HCG17b 33.516    13.3131    17     0.54          0.43         
  HCG17b 33.516    13.3131    17     0.54          0.43         
  HCG17b 33.516    13.3131    17     0.54          0.43         
  HCG17b 33.516    13.3131    17     0.54          0.43         
  HCG17b 33.516    13.3131    17     0.54          0.43         
  HCG17b 33.516    13.3131    17     0.54          0.43         
  HCG17b 33.516    13.3131    17     0.54          0.43         
  HCG17b 33.516    13.3131    17     0.54          0.43         
  HCG17b 33.516    13.3131    17     0.54          0.43         
  HCG17b 33.516    13.3131    17     0.54          0.43         
  HCG17b 33.516    13.3131    17     0.54          0.43         
  HCG17b 33.516    13.3131    17     0.54          0.43         
  HCG17b 33.516    13.3131    17     0.54          0.43         
  HCG17b 33.516    13.3131    17     0.54          0.43         
  HCG21c 41.2236   -17.6591   21     1.8           1.3          
  HCG21c 41.2236   -17.6591   21     1.8           1.3          
  HCG21c 41.2236   -17.6591   21     1.8           1.3          
  HCG21c 41.2236   -17.6591   21     1.8           1.3          
  HCG21c 41.2236   -17.6591   21     1.8           1.3          
  HCG21c 41.2236   -17.6591   21     1.8           1.3          
  HCG21c 41.2236   -17.6591   21     1.8           1.3          
  HCG21c 41.2236   -17.6591   21     1.8           1.3          
  HCG21c 41.2236   -17.6591   21     1.8           1.3          
  HCG21c 41.2236   -17.6591   21     1.8           1.3          
  HCG21c 41.2236   -17.6591   21     1.8           1.3          
  HCG21c 41.2236   -17.6591   21     1.8           1.3          
  HCG21c 41.2236   -17.6591   21     1.8           1.3          
  HCG21c 41.2236   -17.6591   21     1.8           1.3          
  HCG21c 41.2236   -17.6591   21     1.8           1.3          
  HCG21c 41.2236   -17.6591   21     1.8           1.3          
  HCG21c 41.2236   -17.6591   21     1.8           1.3          
  HCG21c 41.2236   -17.6591   21     1.8           1.3          
  HCG21c 41.2236   -17.6591   21     1.8           1.3          
  HCG21c 41.2236   -17.6591   21     1.8           1.3          
  HCG21c 41.2236   -17.6591   21     1.8           1.3          
  HCG21c 41.2236   -17.6591   21     1.8           1.3          
  HCG21c 41.2236   -17.6591   21     1.8           1.3          
  HCG21c 41.2236   -17.6591   21     1.8           1.3          
  HCG21c 41.2236   -17.6591   21     1.8           1.3          
  HCG21c 41.2236   -17.6591   21     1.8           1.3          
  HCG21c 41.2236   -17.6591   21     1.8           1.3          
  HCG25f 50.1889   -1.05397   25     0.7           0.34         
  HCG25f 50.1889   -1.05397   25     0.7           0.34         
  HCG25f 50.1889   -1.05397   25     0.7           0.34         
  HCG25f 50.1889   -1.05397   25     0.7           0.34         
  HCG25f 50.1889   -1.05397   25     0.7           0.34         
  HCG25f 50.1889   -1.05397   25     0.7           0.34         
  HCG25f 50.1889   -1.05397   25     0.7           0.34         
  HCG25f 50.1889   -1.05397   25     0.7           0.34         
  HCG25f 50.1889   -1.05397   25     0.7           0.34         
  HCG25f 50.1889   -1.05397   25     0.7           0.34         
  HCG25f 50.1889   -1.05397   25     0.7           0.34         
  HCG25f 50.1889   -1.05397   25     0.7           0.34         
  HCG25f 50.1889   -1.05397   25     0.7           0.34         
  HCG25f 50.1889   -1.05397   25     0.7           0.34         
  HCG25f 50.1889   -1.05397   25     0.7           0.34         
  HCG25f 50.1889   -1.05397   25     0.7           0.34         
  HCG25f 50.1889   -1.05397   25     0.7           0.34         
  HCG25f 50.1889   -1.05397   25     0.7           0.34         
  HCG25f 50.1889   -1.05397   25     0.7           0.34         
  HCG25f 50.1889   -1.05397   25     0.7           0.34         
  HCG25f 50.1889   -1.05397   25     0.7           0.34         
  HCG25f 50.1889   -1.05397   25     0.7           0.34         
  HCG25f 50.1889   -1.05397   25     0.7           0.34         
  HCG25f 50.1889   -1.05397   25     0.7           0.34         
  HCG25f 50.1889   -1.05397   25     0.7           0.34         
  HCG25f 50.1889   -1.05397   25     0.7           0.34         
  HCG25f 50.1889   -1.05397   25     0.7           0.34         
  HCG26a 50.4803   -13.6501   26     0.9           0.11         
  HCG26a 50.4803   -13.6501   26     0.9           0.11         
  HCG26a 50.4803   -13.6501   26     0.9           0.11         
  HCG26a 50.4803   -13.6501   26     0.9           0.11         
  HCG26a 50.4803   -13.6501   26     0.9           0.11         
  HCG26a 50.4803   -13.6501   26     0.9           0.11         
  HCG26a 50.4803   -13.6501   26     0.9           0.11         
  HCG26a 50.4803   -13.6501   26     0.9           0.11         
  HCG26a 50.4803   -13.6501   26     0.9           0.11         
  HCG26a 50.4803   -13.6501   26     0.9           0.11         
  HCG26a 50.4803   -13.6501   26     0.9           0.11         
  HCG26a 50.4803   -13.6501   26     0.9           0.11         
  HCG26a 50.4803   -13.6501   26     0.9           0.11         
  HCG26a 50.4803   -13.6501   26     0.9           0.11         
  HCG26a 50.4803   -13.6501   26     0.9           0.11         
  HCG26a 50.4803   -13.6501   26     0.9           0.11         
  HCG26a 50.4803   -13.6501   26     0.9           0.11         
  HCG26a 50.4803   -13.6501   26     0.9           0.11         
  HCG26a 50.4803   -13.6501   26     0.9           0.11         
  HCG26a 50.4803   -13.6501   26     0.9           0.11         
  HCG26a 50.4803   -13.6501   26     0.9           0.11         
  HCG26a 50.4803   -13.6501   26     0.9           0.11         
  HCG26a 50.4803   -13.6501   26     0.9           0.11         
  HCG26a 50.4803   -13.6501   26     0.9           0.11         
  HCG26a 50.4803   -13.6501   26     0.9           0.11         
  HCG26a 50.4803   -13.6501   26     0.9           0.11         
  HCG26a 50.4803   -13.6501   26     0.9           0.11         
  HCG31a 75.4111   -4.25933   31     1.08          0.66         
  HCG31a 75.4111   -4.25933   31     1.08          0.66         
  HCG31a 75.4111   -4.25933   31     1.08          0.66         
  HCG31a 75.4111   -4.25933   31     1.08          0.66         
  HCG31a 75.4111   -4.25933   31     1.08          0.66         
  HCG31a 75.4111   -4.25933   31     1.08          0.66         
  HCG31a 75.4111   -4.25933   31     1.08          0.66         
  HCG31a 75.4111   -4.25933   31     1.08          0.66         
  HCG31a 75.4111   -4.25933   31     1.08          0.66         
  HCG31a 75.4111   -4.25933   31     1.08          0.66         
  HCG31a 75.4111   -4.25933   31     1.08          0.66         
  HCG31a 75.4111   -4.25933   31     1.08          0.66         
  HCG31a 75.4111   -4.25933   31     1.08          0.66         
  HCG31a 75.4111   -4.25933   31     1.08          0.66         
  HCG31a 75.4111   -4.25933   31     1.08          0.66         
  HCG31a 75.4111   -4.25933   31     1.08          0.66         
  HCG31a 75.4111   -4.25933   31     1.08          0.66         
  HCG31a 75.4111   -4.25933   31     1.08          0.66         
  HCG31a 75.4111   -4.25933   31     1.08          0.66         
  HCG31a 75.4111   -4.25933   31     1.08          0.66         
  HCG31a 75.4111   -4.25933   31     1.08          0.66         
  HCG31a 75.4111   -4.25933   31     1.08          0.66         
  HCG31a 75.4111   -4.25933   31     1.08          0.66         
  HCG31a 75.4111   -4.25933   31     1.08          0.66         
  HCG31a 75.4111   -4.25933   31     1.08          0.66         
  HCG31a 75.4111   -4.25933   31     1.08          0.66         
  HCG31a 75.4111   -4.25933   31     1.08          0.66         
  HCG31b 75.4007   -4.26203   31     0.87          0.46         
  HCG31b 75.4007   -4.26203   31     0.87          0.46         
  HCG31b 75.4007   -4.26203   31     0.87          0.46         
  HCG31b 75.4007   -4.26203   31     0.87          0.46         
  HCG31b 75.4007   -4.26203   31     0.87          0.46         
  HCG31b 75.4007   -4.26203   31     0.87          0.46         
  HCG31b 75.4007   -4.26203   31     0.87          0.46         
  HCG31b 75.4007   -4.26203   31     0.87          0.46         
  HCG31b 75.4007   -4.26203   31     0.87          0.46         
  HCG31b 75.4007   -4.26203   31     0.87          0.46         
  HCG31b 75.4007   -4.26203   31     0.87          0.46         
  HCG31b 75.4007   -4.26203   31     0.87          0.46         
  HCG31b 75.4007   -4.26203   31     0.87          0.46         
  HCG31b 75.4007   -4.26203   31     0.87          0.46         
  HCG31b 75.4007   -4.26203   31     0.87          0.46         
  HCG31b 75.4007   -4.26203   31     0.87          0.46         
  HCG31b 75.4007   -4.26203   31     0.87          0.46         
  HCG31b 75.4007   -4.26203   31     0.87          0.46         
  HCG31b 75.4007   -4.26203   31     0.87          0.46         
  HCG31b 75.4007   -4.26203   31     0.87          0.46         
  HCG31b 75.4007   -4.26203   31     0.87          0.46         
  HCG31b 75.4007   -4.26203   31     0.87          0.46         
  HCG31b 75.4007   -4.26203   31     0.87          0.46         
  HCG31b 75.4007   -4.26203   31     0.87          0.46         
  HCG31b 75.4007   -4.26203   31     0.87          0.46         
  HCG31b 75.4007   -4.26203   31     0.87          0.46         
  HCG31b 75.4007   -4.26203   31     0.87          0.46         
  HCG31c 75.4073   -4.25789   31     0.61          0.23         
  HCG31c 75.4073   -4.25789   31     0.61          0.23         
  HCG31c 75.4073   -4.25789   31     0.61          0.23         
  HCG31c 75.4073   -4.25789   31     0.61          0.23         
  HCG31c 75.4073   -4.25789   31     0.61          0.23         
  HCG31c 75.4073   -4.25789   31     0.61          0.23         
  HCG31c 75.4073   -4.25789   31     0.61          0.23         
  HCG31c 75.4073   -4.25789   31     0.61          0.23         
  HCG31c 75.4073   -4.25789   31     0.61          0.23         
  HCG31c 75.4073   -4.25789   31     0.61          0.23         
  HCG31c 75.4073   -4.25789   31     0.61          0.23         
  HCG31c 75.4073   -4.25789   31     0.61          0.23         
  HCG31c 75.4073   -4.25789   31     0.61          0.23         
  HCG31c 75.4073   -4.25789   31     0.61          0.23         
  HCG31c 75.4073   -4.25789   31     0.61          0.23         
  HCG31c 75.4073   -4.25789   31     0.61          0.23         
  HCG31c 75.4073   -4.25789   31     0.61          0.23         
  HCG31c 75.4073   -4.25789   31     0.61          0.23         
  HCG31c 75.4073   -4.25789   31     0.61          0.23         
  HCG31c 75.4073   -4.25789   31     0.61          0.23         
  HCG31c 75.4073   -4.25789   31     0.61          0.23         
  HCG31c 75.4073   -4.25789   31     0.61          0.23         
  HCG31c 75.4073   -4.25789   31     0.61          0.23         
  HCG31c 75.4073   -4.25789   31     0.61          0.23         
  HCG31c 75.4073   -4.25789   31     0.61          0.23         
  HCG31c 75.4073   -4.25789   31     0.61          0.23         
  HCG31c 75.4073   -4.25789   31     0.61          0.23         
  HCG31g 75.4334   -4.28875   31     0.6           0.3          
  HCG31g 75.4334   -4.28875   31     0.6           0.3          
  HCG31g 75.4334   -4.28875   31     0.6           0.3          
  HCG31g 75.4334   -4.28875   31     0.6           0.3          
  HCG31g 75.4334   -4.28875   31     0.6           0.3          
  HCG31g 75.4334   -4.28875   31     0.6           0.3          
  HCG31g 75.4334   -4.28875   31     0.6           0.3          
  HCG31g 75.4334   -4.28875   31     0.6           0.3          
  HCG31g 75.4334   -4.28875   31     0.6           0.3          
  HCG31g 75.4334   -4.28875   31     0.6           0.3          
  HCG31g 75.4334   -4.28875   31     0.6           0.3          
  HCG31g 75.4334   -4.28875   31     0.6           0.3          
  HCG31g 75.4334   -4.28875   31     0.6           0.3          
  HCG31g 75.4334   -4.28875   31     0.6           0.3          
  HCG31g 75.4334   -4.28875   31     0.6           0.3          
  HCG31g 75.4334   -4.28875   31     0.6           0.3          
  HCG31g 75.4334   -4.28875   31     0.6           0.3          
  HCG31g 75.4334   -4.28875   31     0.6           0.3          
  HCG31g 75.4334   -4.28875   31     0.6           0.3          
  HCG31g 75.4334   -4.28875   31     0.6           0.3          
  HCG31g 75.4334   -4.28875   31     0.6           0.3          
  HCG31g 75.4334   -4.28875   31     0.6           0.3          
  HCG31g 75.4334   -4.28875   31     0.6           0.3          
  HCG31g 75.4334   -4.28875   31     0.6           0.3          
  HCG31g 75.4334   -4.28875   31     0.6           0.3          
  HCG31g 75.4334   -4.28875   31     0.6           0.3          
  HCG31g 75.4334   -4.28875   31     0.6           0.3          
  HCG37a 138.414   29.993     37     2.04          0.98         
  HCG37a 138.414   29.993     37     2.04          0.98         
  HCG37a 138.414   29.993     37     2.04          0.98         
  HCG37a 138.414   29.993     37     2.04          0.98         
  HCG37a 138.414   29.993     37     2.04          0.98         
  HCG37a 138.414   29.993     37     2.04          0.98         
  HCG37a 138.414   29.993     37     2.04          0.98         
  HCG37a 138.414   29.993     37     2.04          0.98         
  HCG37a 138.414   29.993     37     2.04          0.98         
  HCG37a 138.414   29.993     37     2.04          0.98         
  HCG37a 138.414   29.993     37     2.04          0.98         
  HCG37a 138.414   29.993     37     2.04          0.98         
  HCG37a 138.414   29.993     37     2.04          0.98         
  HCG37a 138.414   29.993     37     2.04          0.98         
  HCG37a 138.414   29.993     37     2.04          0.98         
  HCG37a 138.414   29.993     37     2.04          0.98         
  HCG37a 138.414   29.993     37     2.04          0.98         
  HCG37a 138.414   29.993     37     2.04          0.98         
  HCG37a 138.414   29.993     37     2.04          0.98         
  HCG37a 138.414   29.993     37     2.04          0.98         
  HCG37a 138.414   29.993     37     2.04          0.98         
  HCG37a 138.414   29.993     37     2.04          0.98         
  HCG37a 138.414   29.993     37     2.04          0.98         
  HCG37a 138.414   29.993     37     2.04          0.98         
  HCG37a 138.414   29.993     37     2.04          0.98         
  HCG37a 138.414   29.993     37     2.04          0.98         
  HCG37a 138.414   29.993     37     2.04          0.98         
  HCG44a 154.523   21.8323    44     4.4           1.5          
  HCG44a 154.523   21.8323    44     4.4           1.5          
  HCG44a 154.523   21.8323    44     4.4           1.5          
  HCG44a 154.523   21.8323    44     4.4           1.5          
  HCG44a 154.523   21.8323    44     4.4           1.5          
  HCG44a 154.523   21.8323    44     4.4           1.5          
  HCG44a 154.523   21.8323    44     4.4           1.5          
  HCG44a 154.523   21.8323    44     4.4           1.5          
  HCG44a 154.523   21.8323    44     4.4           1.5          
  HCG44a 154.523   21.8323    44     4.4           1.5          
  HCG44a 154.523   21.8323    44     4.4           1.5          
  HCG44a 154.523   21.8323    44     4.4           1.5          
  HCG44a 154.523   21.8323    44     4.4           1.5          
  HCG44a 154.523   21.8323    44     4.4           1.5          
  HCG44a 154.523   21.8323    44     4.4           1.5          
  HCG44a 154.523   21.8323    44     4.4           1.5          
  HCG44a 154.523   21.8323    44     4.4           1.5          
  HCG44a 154.523   21.8323    44     4.4           1.5          
  HCG44a 154.523   21.8323    44     4.4           1.5          
  HCG44a 154.523   21.8323    44     4.4           1.5          
  HCG44a 154.523   21.8323    44     4.4           1.5          
  HCG44a 154.523   21.8323    44     4.4           1.5          
  HCG44a 154.523   21.8323    44     4.4           1.5          
  HCG44a 154.523   21.8323    44     4.4           1.5          
  HCG44a 154.523   21.8323    44     4.4           1.5          
  HCG44a 154.523   21.8323    44     4.4           1.5          
  HCG44a 154.523   21.8323    44     4.4           1.5          
  HCG44b 154.604   21.894     44     3.0           2.7          
  HCG44b 154.604   21.894     44     3.0           2.7          
  HCG44b 154.604   21.894     44     3.0           2.7          
  HCG44b 154.604   21.894     44     3.0           2.7          
  HCG44b 154.604   21.894     44     3.0           2.7          
  HCG44b 154.604   21.894     44     3.0           2.7          
  HCG44b 154.604   21.894     44     3.0           2.7          
  HCG44b 154.604   21.894     44     3.0           2.7          
  HCG44b 154.604   21.894     44     3.0           2.7          
  HCG44b 154.604   21.894     44     3.0           2.7          
  HCG44b 154.604   21.894     44     3.0           2.7          
  HCG44b 154.604   21.894     44     3.0           2.7          
  HCG44b 154.604   21.894     44     3.0           2.7          
  HCG44b 154.604   21.894     44     3.0           2.7          
  HCG44b 154.604   21.894     44     3.0           2.7          
  HCG44b 154.604   21.894     44     3.0           2.7          
  HCG44b 154.604   21.894     44     3.0           2.7          
  HCG44b 154.604   21.894     44     3.0           2.7          
  HCG44b 154.604   21.894     44     3.0           2.7          
  HCG44b 154.604   21.894     44     3.0           2.7          
  HCG44b 154.604   21.894     44     3.0           2.7          
  HCG44b 154.604   21.894     44     3.0           2.7          
  HCG44b 154.604   21.894     44     3.0           2.7          
  HCG44b 154.604   21.894     44     3.0           2.7          
  HCG44b 154.604   21.894     44     3.0           2.7          
  HCG44b 154.604   21.894     44     3.0           2.7          
  HCG44b 154.604   21.894     44     3.0           2.7          
  HCG45d 154.818   59.1376    45     0.28          0.17         
  HCG45d 154.818   59.1376    45     0.28          0.17         
  HCG45d 154.818   59.1376    45     0.28          0.17         
  HCG45d 154.818   59.1376    45     0.28          0.17         
  HCG45d 154.818   59.1376    45     0.28          0.17         
  HCG45d 154.818   59.1376    45     0.28          0.17         
  HCG45d 154.818   59.1376    45     0.28          0.17         
  HCG45d 154.818   59.1376    45     0.28          0.17         
  HCG45d 154.818   59.1376    45     0.28          0.17         
  HCG45d 154.818   59.1376    45     0.28          0.17         
  HCG45d 154.818   59.1376    45     0.28          0.17         
  HCG45d 154.818   59.1376    45     0.28          0.17         
  HCG45d 154.818   59.1376    45     0.28          0.17         
  HCG45d 154.818   59.1376    45     0.28          0.17         
  HCG45d 154.818   59.1376    45     0.28          0.17         
  HCG45d 154.818   59.1376    45     0.28          0.17         
  HCG45d 154.818   59.1376    45     0.28          0.17         
  HCG45d 154.818   59.1376    45     0.28          0.17         
  HCG45d 154.818   59.1376    45     0.28          0.17         
  HCG45d 154.818   59.1376    45     0.28          0.17         
  HCG45d 154.818   59.1376    45     0.28          0.17         
  HCG45d 154.818   59.1376    45     0.28          0.17         
  HCG45d 154.818   59.1376    45     0.28          0.17         
  HCG45d 154.818   59.1376    45     0.28          0.17         
  HCG45d 154.818   59.1376    45     0.28          0.17         
  HCG45d 154.818   59.1376    45     0.28          0.17         
  HCG45d 154.818   59.1376    45     0.28          0.17         
  HCG47d 156.449   13.7491    47     0.54          0.45         
  HCG47d 156.449   13.7491    47     0.54          0.45         
  HCG47d 156.449   13.7491    47     0.54          0.45         
  HCG47d 156.449   13.7491    47     0.54          0.45         
  HCG47d 156.449   13.7491    47     0.54          0.45         
  HCG47d 156.449   13.7491    47     0.54          0.45         
  HCG47d 156.449   13.7491    47     0.54          0.45         
  HCG47d 156.449   13.7491    47     0.54          0.45         
  HCG47d 156.449   13.7491    47     0.54          0.45         
  HCG47d 156.449   13.7491    47     0.54          0.45         
  HCG47d 156.449   13.7491    47     0.54          0.45         
  HCG47d 156.449   13.7491    47     0.54          0.45         
  HCG47d 156.449   13.7491    47     0.54          0.45         
  HCG47d 156.449   13.7491    47     0.54          0.45         
  HCG47d 156.449   13.7491    47     0.54          0.45         
  HCG51a 170.61    24.2991    51     1.33          1.23         
  HCG51a 170.61    24.2991    51     1.33          1.23         
  HCG51a 170.61    24.2991    51     1.33          1.23         
  HCG51a 170.61    24.2991    51     1.33          1.23         
  HCG51a 170.61    24.2991    51     1.33          1.23         
  HCG51a 170.61    24.2991    51     1.33          1.23         
  HCG51a 170.61    24.2991    51     1.33          1.23         
  HCG51a 170.61    24.2991    51     1.33          1.23         
  HCG51a 170.61    24.2991    51     1.33          1.23         
  HCG51a 170.61    24.2991    51     1.33          1.23         
  HCG51a 170.61    24.2991    51     1.33          1.23         
  HCG51a 170.61    24.2991    51     1.33          1.23         
  HCG51a 170.61    24.2991    51     1.33          1.23         
  HCG51a 170.61    24.2991    51     1.33          1.23         
  HCG51a 170.61    24.2991    51     1.33          1.23         
  HCG51a 170.61    24.2991    51     1.33          1.23         
  HCG51a 170.61    24.2991    51     1.33          1.23         
  HCG51a 170.61    24.2991    51     1.33          1.23         
  HCG51a 170.61    24.2991    51     1.33          1.23         
  HCG51a 170.61    24.2991    51     1.33          1.23         
  HCG51a 170.61    24.2991    51     1.33          1.23         
  HCG51a 170.61    24.2991    51     1.33          1.23         
  HCG51a 170.61    24.2991    51     1.33          1.23         
  HCG51a 170.61    24.2991    51     1.33          1.23         
  HCG51a 170.61    24.2991    51     1.33          1.23         
  HCG51a 170.61    24.2991    51     1.33          1.23         
  HCG51a 170.61    24.2991    51     1.33          1.23         
  HCG51f 170.61    24.2954    51     0.57          0.28         
  HCG51f 170.61    24.2954    51     0.57          0.28         
  HCG51f 170.61    24.2954    51     0.57          0.28         
  HCG51f 170.61    24.2954    51     0.57          0.28         
  HCG51f 170.61    24.2954    51     0.57          0.28         
  HCG51f 170.61    24.2954    51     0.57          0.28         
  HCG51f 170.61    24.2954    51     0.57          0.28         
  HCG51f 170.61    24.2954    51     0.57          0.28         
  HCG51f 170.61    24.2954    51     0.57          0.28         
  HCG51f 170.61    24.2954    51     0.57          0.28         
  HCG51f 170.61    24.2954    51     0.57          0.28         
  HCG51f 170.61    24.2954    51     0.57          0.28         
  HCG51f 170.61    24.2954    51     0.57          0.28         
  HCG51f 170.61    24.2954    51     0.57          0.28         
  HCG51f 170.61    24.2954    51     0.57          0.28         
  HCG51f 170.61    24.2954    51     0.57          0.28         
  HCG51f 170.61    24.2954    51     0.57          0.28         
  HCG51f 170.61    24.2954    51     0.57          0.28         
  HCG51f 170.61    24.2954    51     0.57          0.28         
  HCG51f 170.61    24.2954    51     0.57          0.28         
  HCG51f 170.61    24.2954    51     0.57          0.28         
  HCG51f 170.61    24.2954    51     0.57          0.28         
  HCG51f 170.61    24.2954    51     0.57          0.28         
  HCG51f 170.61    24.2954    51     0.57          0.28         
  HCG51f 170.61    24.2954    51     0.57          0.28         
  HCG51f 170.61    24.2954    51     0.57          0.28         
  HCG51f 170.61    24.2954    51     0.57          0.28         
  HCG59d 177.128   12.7298    59     0.69          0.43         
  HCG59d 177.128   12.7298    59     0.69          0.43         
  HCG59d 177.128   12.7298    59     0.69          0.43         
  HCG59d 177.128   12.7298    59     0.69          0.43         
  HCG59d 177.128   12.7298    59     0.69          0.43         
  HCG59d 177.128   12.7298    59     0.69          0.43         
  HCG59d 177.128   12.7298    59     0.69          0.43         
  HCG59d 177.128   12.7298    59     0.69          0.43         
  HCG59d 177.128   12.7298    59     0.69          0.43         
  HCG59d 177.128   12.7298    59     0.69          0.43         
  HCG59d 177.128   12.7298    59     0.69          0.43         
  HCG59d 177.128   12.7298    59     0.69          0.43         
  HCG59d 177.128   12.7298    59     0.69          0.43         
  HCG59d 177.128   12.7298    59     0.69          0.43         
  HCG59d 177.128   12.7298    59     0.69          0.43         
  HCG59d 177.128   12.7298    59     0.69          0.43         
  HCG59d 177.128   12.7298    59     0.69          0.43         
  HCG59d 177.128   12.7298    59     0.69          0.43         
  HCG59d 177.128   12.7298    59     0.69          0.43         
  HCG59d 177.128   12.7298    59     0.69          0.43         
  HCG59d 177.128   12.7298    59     0.69          0.43         
  HCG59d 177.128   12.7298    59     0.69          0.43         
  HCG59d 177.128   12.7298    59     0.69          0.43         
  HCG59d 177.128   12.7298    59     0.69          0.43         
  HCG59d 177.128   12.7298    59     0.69          0.43         
  HCG59d 177.128   12.7298    59     0.69          0.43         
  HCG59d 177.128   12.7298    59     0.69          0.43         
  HCG68a 208.361   40.283     68     2.2           1.1          
  HCG68a 208.361   40.283     68     2.2           1.1          
  HCG68a 208.361   40.283     68     2.2           1.1          
  HCG68a 208.361   40.283     68     2.2           1.1          
  HCG68a 208.361   40.283     68     2.2           1.1          
  HCG68a 208.361   40.283     68     2.2           1.1          
  HCG68a 208.361   40.283     68     2.2           1.1          
  HCG68a 208.361   40.283     68     2.2           1.1          
  HCG68a 208.361   40.283     68     2.2           1.1          
  HCG68a 208.361   40.283     68     2.2           1.1          
  HCG68a 208.361   40.283     68     2.2           1.1          
  HCG68a 208.361   40.283     68     2.2           1.1          
  HCG68a 208.361   40.283     68     2.2           1.1          
  HCG68a 208.361   40.283     68     2.2           1.1          
  HCG68a 208.361   40.283     68     2.2           1.1          
  HCG68a 208.361   40.283     68     2.2           1.1          
  HCG68a 208.361   40.283     68     2.2           1.1          
  HCG68a 208.361   40.283     68     2.2           1.1          
  HCG68a 208.361   40.283     68     2.2           1.1          
  HCG68a 208.361   40.283     68     2.2           1.1          
  HCG68a 208.361   40.283     68     2.2           1.1          
  HCG68a 208.361   40.283     68     2.2           1.1          
  HCG68a 208.361   40.283     68     2.2           1.1          
  HCG68a 208.361   40.283     68     2.2           1.1          
  HCG68a 208.361   40.283     68     2.2           1.1          
  HCG68a 208.361   40.283     68     2.2           1.1          
  HCG68a 208.361   40.283     68     2.2           1.1          
  HCG68b 208.361   40.3027    68     1.4           1.3          
  HCG68b 208.361   40.3027    68     1.4           1.3          
  HCG68b 208.361   40.3027    68     1.4           1.3          
  HCG68b 208.361   40.3027    68     1.4           1.3          
  HCG68b 208.361   40.3027    68     1.4           1.3          
  HCG68b 208.361   40.3027    68     1.4           1.3          
  HCG68b 208.361   40.3027    68     1.4           1.3          
  HCG68b 208.361   40.3027    68     1.4           1.3          
  HCG68b 208.361   40.3027    68     1.4           1.3          
  HCG68b 208.361   40.3027    68     1.4           1.3          
  HCG68b 208.361   40.3027    68     1.4           1.3          
  HCG68b 208.361   40.3027    68     1.4           1.3          
  HCG68b 208.361   40.3027    68     1.4           1.3          
  HCG68b 208.361   40.3027    68     1.4           1.3          
  HCG68b 208.361   40.3027    68     1.4           1.3          
  HCG68b 208.361   40.3027    68     1.4           1.3          
  HCG68b 208.361   40.3027    68     1.4           1.3          
  HCG68b 208.361   40.3027    68     1.4           1.3          
  HCG68b 208.361   40.3027    68     1.4           1.3          
  HCG68b 208.361   40.3027    68     1.4           1.3          
  HCG68b 208.361   40.3027    68     1.4           1.3          
  HCG68b 208.361   40.3027    68     1.4           1.3          
  HCG68b 208.361   40.3027    68     1.4           1.3          
  HCG68b 208.361   40.3027    68     1.4           1.3          
  HCG68b 208.361   40.3027    68     1.4           1.3          
  HCG68b 208.361   40.3027    68     1.4           1.3          
  HCG68b 208.361   40.3027    68     1.4           1.3          
  HCG68c 208.34    40.3639    68     3.2           2.3          
  HCG68c 208.34    40.3639    68     3.2           2.3          
  HCG68c 208.34    40.3639    68     3.2           2.3          
  HCG68c 208.34    40.3639    68     3.2           2.3          
  HCG68c 208.34    40.3639    68     3.2           2.3          
  HCG68c 208.34    40.3639    68     3.2           2.3          
  HCG68c 208.34    40.3639    68     3.2           2.3          
  HCG68c 208.34    40.3639    68     3.2           2.3          
  HCG68c 208.34    40.3639    68     3.2           2.3          
  HCG68c 208.34    40.3639    68     3.2           2.3          
  HCG68c 208.34    40.3639    68     3.2           2.3          
  HCG68c 208.34    40.3639    68     3.2           2.3          
  HCG68c 208.34    40.3639    68     3.2           2.3          
  HCG68c 208.34    40.3639    68     3.2           2.3          
  HCG68c 208.34    40.3639    68     3.2           2.3          
  HCG68c 208.34    40.3639    68     3.2           2.3          
  HCG68c 208.34    40.3639    68     3.2           2.3          
  HCG68c 208.34    40.3639    68     3.2           2.3          
  HCG68c 208.34    40.3639    68     3.2           2.3          
  HCG68c 208.34    40.3639    68     3.2           2.3          
  HCG68c 208.34    40.3639    68     3.2           2.3          
  HCG68c 208.34    40.3639    68     3.2           2.3          
  HCG68c 208.34    40.3639    68     3.2           2.3          
  HCG68c 208.34    40.3639    68     3.2           2.3          
  HCG68c 208.34    40.3639    68     3.2           2.3          
  HCG68c 208.34    40.3639    68     3.2           2.3          
  HCG68c 208.34    40.3639    68     3.2           2.3          
  HCG72c 221.987   19.0451    72     0.6           0.2          
  HCG72c 221.987   19.0451    72     0.6           0.2          
  HCG72c 221.987   19.0451    72     0.6           0.2          
  HCG72c 221.987   19.0451    72     0.6           0.2          
  HCG72c 221.987   19.0451    72     0.6           0.2          
  HCG72c 221.987   19.0451    72     0.6           0.2          
  HCG72c 221.987   19.0451    72     0.6           0.2          
  HCG72c 221.987   19.0451    72     0.6           0.2          
  HCG72c 221.987   19.0451    72     0.6           0.2          
  HCG74b 229.851   20.8908    74     0.62          0.43         
  HCG74b 229.851   20.8908    74     0.62          0.43         
  HCG74b 229.851   20.8908    74     0.62          0.43         
  HCG74b 229.851   20.8908    74     0.62          0.43         
  HCG74b 229.851   20.8908    74     0.62          0.43         
  HCG74b 229.851   20.8908    74     0.62          0.43         
  HCG74b 229.851   20.8908    74     0.62          0.43         
  HCG74b 229.851   20.8908    74     0.62          0.43         
  HCG74b 229.851   20.8908    74     0.62          0.43         
  HCG74b 229.851   20.8908    74     0.62          0.43         
  HCG74b 229.851   20.8908    74     0.62          0.43         
  HCG74b 229.851   20.8908    74     0.62          0.43         
  HCG74b 229.851   20.8908    74     0.62          0.43         
  HCG74b 229.851   20.8908    74     0.62          0.43         
  HCG74b 229.851   20.8908    74     0.62          0.43         
  HCG74b 229.851   20.8908    74     0.62          0.43         
  HCG74b 229.851   20.8908    74     0.62          0.43         
  HCG74b 229.851   20.8908    74     0.62          0.43         
  HCG74b 229.851   20.8908    74     0.62          0.43         
  HCG74b 229.851   20.8908    74     0.62          0.43         
  HCG74b 229.851   20.8908    74     0.62          0.43         
  HCG74b 229.851   20.8908    74     0.62          0.43         
  HCG74b 229.851   20.8908    74     0.62          0.43         
  HCG74b 229.851   20.8908    74     0.62          0.43         
  HCG74b 229.851   20.8908    74     0.62          0.43         
  HCG74b 229.851   20.8908    74     0.62          0.43         
  HCG74b 229.851   20.8908    74     0.62          0.43         
  HCG75b 230.377   21.1924    75     0.63          0.17         
  HCG75b 230.377   21.1924    75     0.63          0.17         
  HCG75b 230.377   21.1924    75     0.63          0.17         
  HCG75b 230.377   21.1924    75     0.63          0.17         
  HCG75b 230.377   21.1924    75     0.63          0.17         
  HCG75b 230.377   21.1924    75     0.63          0.17         
  HCG75b 230.377   21.1924    75     0.63          0.17         
  HCG75b 230.377   21.1924    75     0.63          0.17         
  HCG75b 230.377   21.1924    75     0.63          0.17         
  HCG75b 230.377   21.1924    75     0.63          0.17         
  HCG75b 230.377   21.1924    75     0.63          0.17         
  HCG75b 230.377   21.1924    75     0.63          0.17         
  HCG75b 230.377   21.1924    75     0.63          0.17         
  HCG75b 230.377   21.1924    75     0.63          0.17         
  HCG75b 230.377   21.1924    75     0.63          0.17         
  HCG75b 230.377   21.1924    75     0.63          0.17         
  HCG75b 230.377   21.1924    75     0.63          0.17         
  HCG75b 230.377   21.1924    75     0.63          0.17         
  HCG75b 230.377   21.1924    75     0.63          0.17         
  HCG75b 230.377   21.1924    75     0.63          0.17         
  HCG75b 230.377   21.1924    75     0.63          0.17         
  HCG75b 230.377   21.1924    75     0.63          0.17         
  HCG75b 230.377   21.1924    75     0.63          0.17         
  HCG75h 230.382   21.1696    75     0.22          0.13         
  HCG75h 230.382   21.1696    75     0.22          0.13         
  HCG75h 230.382   21.1696    75     0.22          0.13         
  HCG75h 230.382   21.1696    75     0.22          0.13         
  HCG75h 230.382   21.1696    75     0.22          0.13         
  HCG75h 230.382   21.1696    75     0.22          0.13         
  HCG75h 230.382   21.1696    75     0.22          0.13         
  HCG75h 230.382   21.1696    75     0.22          0.13         
  HCG75h 230.382   21.1696    75     0.22          0.13         
  HCG75h 230.382   21.1696    75     0.22          0.13         
  HCG75h 230.382   21.1696    75     0.22          0.13         
  HCG75h 230.382   21.1696    75     0.22          0.13         
  HCG75h 230.382   21.1696    75     0.22          0.13         
  HCG75h 230.382   21.1696    75     0.22          0.13         
  HCG75h 230.382   21.1696    75     0.22          0.13         
  HCG75h 230.382   21.1696    75     0.22          0.13         
  HCG75h 230.382   21.1696    75     0.22          0.13         
  HCG75h 230.382   21.1696    75     0.22          0.13         
  HCG75h 230.382   21.1696    75     0.22          0.13         
  HCG75h 230.382   21.1696    75     0.22          0.13         
  HCG75h 230.382   21.1696    75     0.22          0.13         
  HCG75h 230.382   21.1696    75     0.22          0.13         
  HCG75h 230.382   21.1696    75     0.22          0.13         
  HCG75h 230.382   21.1696    75     0.22          0.13         
  HCG75h 230.382   21.1696    75     0.22          0.13         
  HCG75h 230.382   21.1696    75     0.22          0.13         
  HCG75h 230.382   21.1696    75     0.22          0.13         
  HCG76f 232.915   7.33594    76     0.47          0.32         
  HCG76f 232.915   7.33594    76     0.47          0.32         
  HCG76f 232.915   7.33594    76     0.47          0.32         
  HCG76f 232.915   7.33594    76     0.47          0.32         
  HCG76f 232.915   7.33594    76     0.47          0.32         
  HCG76f 232.915   7.33594    76     0.47          0.32         
  HCG76f 232.915   7.33594    76     0.47          0.32         
  HCG76f 232.915   7.33594    76     0.47          0.32         
  HCG76f 232.915   7.33594    76     0.47          0.32         
  HCG76f 232.915   7.33594    76     0.47          0.32         
  HCG76f 232.915   7.33594    76     0.47          0.32         
  HCG76f 232.915   7.33594    76     0.47          0.32         
  HCG76f 232.915   7.33594    76     0.47          0.32         
  HCG76f 232.915   7.33594    76     0.47          0.32         
  HCG76f 232.915   7.33594    76     0.47          0.32         
  HCG76f 232.915   7.33594    76     0.47          0.32         
  HCG76f 232.915   7.33594    76     0.47          0.32         
  HCG76f 232.915   7.33594    76     0.47          0.32         
  HCG76f 232.915   7.33594    76     0.47          0.32         
  HCG76f 232.915   7.33594    76     0.47          0.32         
  HCG76f 232.915   7.33594    76     0.47          0.32         
  HCG76f 232.915   7.33594    76     0.47          0.32         
  HCG76f 232.915   7.33594    76     0.47          0.32         
  HCG76f 232.915   7.33594    76     0.47          0.32         
  HCG76f 232.915   7.33594    76     0.47          0.32         
  HCG76f 232.915   7.33594    76     0.47          0.32         
  HCG76f 232.915   7.33594    76     0.47          0.32         
  HCG79a 239.796   20.7549    79     0.5           0.4          
  HCG79a 239.796   20.7549    79     0.5           0.4          
  HCG79a 239.796   20.7549    79     0.5           0.4          
  HCG79a 239.796   20.7549    79     0.5           0.4          
  HCG79a 239.796   20.7549    79     0.5           0.4          
  HCG79a 239.796   20.7549    79     0.5           0.4          
  HCG79a 239.796   20.7549    79     0.5           0.4          
  HCG79a 239.796   20.7549    79     0.5           0.4          
  HCG79a 239.796   20.7549    79     0.5           0.4          
  HCG79a 239.796   20.7549    79     0.5           0.4          
  HCG79a 239.796   20.7549    79     0.5           0.4          
  HCG79a 239.796   20.7549    79     0.5           0.4          
  HCG79a 239.796   20.7549    79     0.5           0.4          
  HCG79a 239.796   20.7549    79     0.5           0.4          
  HCG79a 239.796   20.7549    79     0.5           0.4          
  HCG79a 239.796   20.7549    79     0.5           0.4          
  HCG79a 239.796   20.7549    79     0.5           0.4          
  HCG79a 239.796   20.7549    79     0.5           0.4          
  HCG79a 239.796   20.7549    79     0.5           0.4          
  HCG79a 239.796   20.7549    79     0.5           0.4          
  HCG79a 239.796   20.7549    79     0.5           0.4          
  HCG79a 239.796   20.7549    79     0.5           0.4          
  HCG79a 239.796   20.7549    79     0.5           0.4          
  HCG79a 239.796   20.7549    79     0.5           0.4          
  HCG79a 239.796   20.7549    79     0.5           0.4          
  HCG79a 239.796   20.7549    79     0.5           0.4          
  HCG79a 239.796   20.7549    79     0.5           0.4          
  HCG79c 239.795   20.7622    79     0.4           0.2          
  HCG79c 239.795   20.7622    79     0.4           0.2          
  HCG79c 239.795   20.7622    79     0.4           0.2          
  HCG79c 239.795   20.7622    79     0.4           0.2          
  HCG79c 239.795   20.7622    79     0.4           0.2          
  HCG79c 239.795   20.7622    79     0.4           0.2          
  HCG79c 239.795   20.7622    79     0.4           0.2          
  HCG79c 239.795   20.7622    79     0.4           0.2          
  HCG79c 239.795   20.7622    79     0.4           0.2          
  HCG79c 239.795   20.7622    79     0.4           0.2          
  HCG79c 239.795   20.7622    79     0.4           0.2          
  HCG79c 239.795   20.7622    79     0.4           0.2          
  HCG79c 239.795   20.7622    79     0.4           0.2          
  HCG79c 239.795   20.7622    79     0.4           0.2          
  HCG79c 239.795   20.7622    79     0.4           0.2          
  HCG79c 239.795   20.7622    79     0.4           0.2          
  HCG79c 239.795   20.7622    79     0.4           0.2          
  HCG79c 239.795   20.7622    79     0.4           0.2          
  HCG79c 239.795   20.7622    79     0.4           0.2          
  HCG79c 239.795   20.7622    79     0.4           0.2          
  HCG79c 239.795   20.7622    79     0.4           0.2          
  HCG79c 239.795   20.7622    79     0.4           0.2          
  HCG79c 239.795   20.7622    79     0.4           0.2          
  HCG79c 239.795   20.7622    79     0.4           0.2          
  HCG79c 239.795   20.7622    79     0.4           0.2          
  HCG79c 239.795   20.7622    79     0.4           0.2          
  HCG79c 239.795   20.7622    79     0.4           0.2          
  HCG79d 239.799   20.7476    79     0.9           0.2          
  HCG79d 239.799   20.7476    79     0.9           0.2          
  HCG79d 239.799   20.7476    79     0.9           0.2          
  HCG79d 239.799   20.7476    79     0.9           0.2          
  HCG79d 239.799   20.7476    79     0.9           0.2          
  HCG79d 239.799   20.7476    79     0.9           0.2          
  HCG79d 239.799   20.7476    79     0.9           0.2          
  HCG79d 239.799   20.7476    79     0.9           0.2          
  HCG79d 239.799   20.7476    79     0.9           0.2          
  HCG79d 239.799   20.7476    79     0.9           0.2          
  HCG79d 239.799   20.7476    79     0.9           0.2          
  HCG79d 239.799   20.7476    79     0.9           0.2          
  HCG79d 239.799   20.7476    79     0.9           0.2          
  HCG79d 239.799   20.7476    79     0.9           0.2          
  HCG79d 239.799   20.7476    79     0.9           0.2          
  HCG79d 239.799   20.7476    79     0.9           0.2          
  HCG79d 239.799   20.7476    79     0.9           0.2          
  HCG79d 239.799   20.7476    79     0.9           0.2          
  HCG79d 239.799   20.7476    79     0.9           0.2          
  HCG79d 239.799   20.7476    79     0.9           0.2          
  HCG79d 239.799   20.7476    79     0.9           0.2          
  HCG79d 239.799   20.7476    79     0.9           0.2          
  HCG79d 239.799   20.7476    79     0.9           0.2          
  HCG79d 239.799   20.7476    79     0.9           0.2          
  HCG79d 239.799   20.7476    79     0.9           0.2          
  HCG79d 239.799   20.7476    79     0.9           0.2          
  HCG79d 239.799   20.7476    79     0.9           0.2          
  HCG79f 239.81    20.7659    79     0.8           0.4          
  HCG79f 239.81    20.7659    79     0.8           0.4          
  HCG79f 239.81    20.7659    79     0.8           0.4          
  HCG79f 239.81    20.7659    79     0.8           0.4          
  HCG79f 239.81    20.7659    79     0.8           0.4          
  HCG79f 239.81    20.7659    79     0.8           0.4          
  HCG79f 239.81    20.7659    79     0.8           0.4          
  HCG79f 239.81    20.7659    79     0.8           0.4          
  HCG79f 239.81    20.7659    79     0.8           0.4          
  HCG79f 239.81    20.7659    79     0.8           0.4          
  HCG79f 239.81    20.7659    79     0.8           0.4          
  HCG79f 239.81    20.7659    79     0.8           0.4          
  HCG79f 239.81    20.7659    79     0.8           0.4          
  HCG79f 239.81    20.7659    79     0.8           0.4          
  HCG79f 239.81    20.7659    79     0.8           0.4          
  HCG79f 239.81    20.7659    79     0.8           0.4          
  HCG79f 239.81    20.7659    79     0.8           0.4          
  HCG79f 239.81    20.7659    79     0.8           0.4          
  HCG79f 239.81    20.7659    79     0.8           0.4          
  HCG79f 239.81    20.7659    79     0.8           0.4          
  HCG79f 239.81    20.7659    79     0.8           0.4          
  HCG92b 338.993   33.9659    92     1.9           1.2          
  HCG92b 338.993   33.9659    92     1.9           1.2          
  HCG92b 338.993   33.9659    92     1.9           1.2          
  HCG92b 338.993   33.9659    92     1.9           1.2          
  HCG92b 338.993   33.9659    92     1.9           1.2          
  HCG92b 338.993   33.9659    92     1.9           1.2          
  HCG92b 338.993   33.9659    92     1.9           1.2          
  HCG92b 338.993   33.9659    92     1.9           1.2          
  HCG92b 338.993   33.9659    92     1.9           1.2          
  HCG92b 338.993   33.9659    92     1.9           1.2          
  HCG92b 338.993   33.9659    92     1.9           1.2          
  HCG92b 338.993   33.9659    92     1.9           1.2          
  HCG92b 338.993   33.9659    92     1.9           1.2          
  HCG92b 338.993   33.9659    92     1.9           1.2          
  HCG92b 338.993   33.9659    92     1.9           1.2          
  HCG92b 338.993   33.9659    92     1.9           1.2          
  HCG92b 338.993   33.9659    92     1.9           1.2          
  HCG92b 338.993   33.9659    92     1.9           1.2          
  HCG92b 338.993   33.9659    92     1.9           1.2          
  HCG92b 338.993   33.9659    92     1.9           1.2          
  HCG92b 338.993   33.9659    92     1.9           1.2          
  HCG92b 338.993   33.9659    92     1.9           1.2          
  HCG92b 338.993   33.9659    92     1.9           1.2          
  HCG92b 338.993   33.9659    92     1.9           1.2          
  HCG92b 338.993   33.9659    92     1.9           1.2          
  HCG92b 338.993   33.9659    92     1.9           1.2          
  HCG92b 338.993   33.9659    92     1.9           1.2          
  HCG92e 338.966   33.9449    92     1.1           1.1          
  HCG92e 338.966   33.9449    92     1.1           1.1          
  HCG92e 338.966   33.9449    92     1.1           1.1          
  HCG92e 338.966   33.9449    92     1.1           1.1          
  HCG92e 338.966   33.9449    92     1.1           1.1          
  HCG92e 338.966   33.9449    92     1.1           1.1          
  HCG92e 338.966   33.9449    92     1.1           1.1          
  HCG92e 338.966   33.9449    92     1.1           1.1          
  HCG92e 338.966   33.9449    92     1.1           1.1          
  HCG92e 338.966   33.9449    92     1.1           1.1          
  HCG92e 338.966   33.9449    92     1.1           1.1          
  HCG92e 338.966   33.9449    92     1.1           1.1          
  HCG92e 338.966   33.9449    92     1.1           1.1          
  HCG92e 338.966   33.9449    92     1.1           1.1          
  HCG92e 338.966   33.9449    92     1.1           1.1          
  HCG92e 338.966   33.9449    92     1.1           1.1          
  HCG92e 338.966   33.9449    92     1.1           1.1          
  HCG92e 338.966   33.9449    92     1.1           1.1          
  HCG92e 338.966   33.9449    92     1.1           1.1          
  HCG92e 338.966   33.9449    92     1.1           1.1          
  HCG92e 338.966   33.9449    92     1.1           1.1          
  HCG92e 338.966   33.9449    92     1.1           1.1          
  HCG92e 338.966   33.9449    92     1.1           1.1          
  HCG92e 338.966   33.9449    92     1.1           1.1          
  HCG92e 338.966   33.9449    92     1.1           1.1          
  HCG92e 338.966   33.9449    92     1.1           1.1          
  HCG92e 338.966   33.9449    92     1.1           1.1          
