# objectHCG   ra_deg   dec_deg    groupNumber ANG_SIZE_MAJ ANG_SIZE_MIN NUMBER X_IMAGE  Y_IMAGE  ALPHA_SKY   DELTA_SKY   MAG_AUTO MAGERR_AUTO ISOAREA_IMAGE FWHM_IMAGE BACKGROUND  CLASS_STAR FLUX_BEST ELLIPTICITY THETA_IMAGE FLUX_RADIUS           KRON_RADIUS A_IMAGE B_IMAGE ERRA_IMAGE ERRB_IMAGE Separation         
  HCG01c      6.47671  25.7237    1      0.36         0.36         2      137.027  136.156  6.4766457   25.7236621  14.1506  0.0018      3277        0.0        0.02757156  0.03       2186.572  0.103       36.9        "    11.371     49.927" 4.47        11.771  10.553  0.0262     0.0233     0.2492081908065889 
  HCG01d      6.49504  25.7252    1      0.28         0.16         1      106.442  107.099  6.4950471   25.7252659  15.3123  0.0038      735         0.0        0.06821174  0.03       750.0379  0.463       -59.1       "     7.193     26.975" 4.95        7.48    4.018   0.029      0.0155     0.23835486983589724
  HCG06a      9.80746  -8.39431   6      0.48         0.24         5      182.747  182.282  9.807377    -8.394279   14.2415  0.0017      1827        0.0        0.01770172  0.03       2010.906  0.419       30.9        "     7.666     31.559" 3.92        10.303  5.988   0.0233     0.0137     0.3159640493285077 
  HCG06b      9.79258  -8.39711   6      0.71         0.29         11     269.133  269.403  9.7925652   -8.3970657  14.1483  0.0025      2466        0.0        0.04166653  0.03       1959.858  0.58        -23.6       "    14.191     52.631" 4.79        15.798  6.637   0.0399     0.0162     0.1679645518469004 
  HCG06c      9.79608  -8.39981   6      0.73         0.37         11     276.602  276.386  9.7961243   -8.3998776  14.2618  0.0021      1960        0.0        0.03422766  0.03       1828.607  0.264       -51.5       "     9.772     39.994" 4.6         9.923   7.305   0.0252     0.0174     0.290026231328208  
  HCG06d      9.78154  -8.401     6      0.3          0.16         4      113.032  114.312  9.7816477   -8.4009656  16.2425  0.0092      432         0.0        0.004653274 0.02       318.4286  0.487       -7.5        "     8.677     27.966" 5.32        6.944   3.564   0.0514     0.0272     0.40305630751371574
  HCG07a      9.80596  0.864333   7      1.9          0.9          1      721.77   718.347  9.8057653   0.8641511   11.8818  4.0E-4      26816       0.0        0.08321325  0.03       17671.61  0.592       77.1        "    34.078    121.991" 3.59        47.506  19.377  0.025      0.0109     0.959162395487107  
  HCG07b      9.82433  0.91275    7      1.2          0.8          1      455.19   454.722  9.8243091   0.9127194   12.3076  5.0E-4      22200       0.0        0.07942156  0.03       11938.64  0.333       -83.1       "    21.250    107.916" 3.83        33.54   22.38   0.0252     0.0169     0.13339732644509003
  HCG07c      9.89508  0.859889   7      1.75         1.15         1      661.683  662.935  9.8952249   0.8598819   12.3203  9.0E-4      32833       0.0        0.1705855   0.0        11800.2   0.234       56.2        "    61.230    180.120" 3.91        50.06   38.321  0.0369     0.0282     0.5222071614672644 
  HCG07d      9.82829  0.891917   7      0.95         0.76         2      360.04   360.256  9.8282856   0.8919452   13.3022  0.0019      10628       0.0        0.06928384  0.0        3634.777  0.084       32.9        "    49.224    144.747" 5.71        26.404  24.178  0.0447     0.0397     0.10274801799480177
  HCG08a      12.3923  23.5783    8      0.9          0.7          1      344.24   342.686  12.3919111  23.5784854  13.2404  0.0011      4396        0.0        0.07775688  0.03       5056.281  0.345       49.5        "    33.279     87.764" 6.13        17.457  11.439  0.0192     0.0127     1.4463626313985882 
  HCG08b      12.3968  23.5916    8      0.3          0.1          1      114.242  113.829  12.396771   23.5915812  14.5828  0.0016      2142        0.0        0.02701829  0.03       1468.201  0.355       90.0        "     8.423     35.719" 4.03        10.802  6.966   0.0243     0.0151     0.11719289095012374
  HCG08c      12.3989  23.5841    8      0.2          0.2          1      75.282   76.659   12.3989862  23.5841725  14.3935  0.0021      2468        0.0        0.07843587  0.03       1685.17   0.338       -25.9       "    10.681     40.834" 4.23        12.23   8.097   0.0296     0.0204     0.3860108798680751 
  HCG08d      12.4026  23.5734    8      0.52         0.44         12     197.792  197.025  12.4025049  23.5734028  14.279   0.0015      1569        0.0        0.05491626  0.03       1942.746  0.356       25.7        "    15.997     48.266" 6.02        9.692   6.241   0.0157     0.0097     0.3139514000967939 
  HCG10a      21.5907  34.703     10     3.0          1.1          221    1136.141 1137.707 21.590748   34.7031328  11.7749  6.0E-4      20771       0.0        0.09881599  0.03       19499.87  0.665       -10.8       "    38.808    146.658" 4.42        51.956  17.425  0.0367     0.0113     0.4987402912734064 
  HCG10b      21.4183  34.7133    10     2.4          2.1          97     912.786  907.13   21.4178602  34.7130393  11.6793  3.0E-4      22720       0.0        0.1395951   0.03       21295.42  0.192       80.8        "    26.303    114.752" 4.34        29.232  23.623  0.0119     0.0094     1.6045753941549228 
  HCG10c      21.5788  34.7539    10     1.9          0.5          44     721.711  724.22   21.5785709  34.7543642  13.1666  0.0013      6443        0.0        0.03349229  0.03       5412.127  0.547       -58.9       "    18.190     88.456" 4.22        25.184  11.419  0.0397     0.0134     1.8032806908007102 
  HCG10d      21.6287  34.6753    10     1.0          0.2          1      380.218  379.854  21.628537   34.6753939  14.1122  0.0021      3198        0.0        0.01212005  0.02       2265.201  0.717       55.9        "    18.793     61.072" 4.05        23.448  6.639   0.0461     0.0132     0.5891963918384708 
  HCG12a      21.8892  -4.683     12     0.76         0.53         1      287.734  288.349  21.8892294  -4.6829616  13.2801  0.001       6695        0.0        0.03951826  0.03       4875.033  0.317       -66.3       "    13.744     62.761" 4.09        18.173  12.415  0.0233     0.0163     0.17389001023966769
  HCG12b      21.8934  -4.65211   12     0.62         0.39         17     235.954  235.035  21.8932947  -4.6521061  14.836   0.0019      1937        0.0        0.00643696  0.44       1163.011  0.336       44.2        "     7.299     31.066" 3.62        10.164  6.747   0.0258     0.0173     0.3780919012560773 
  HCG12c      21.9059  -4.66119   12     0.4          0.18         5      152.742  151.64   21.9058181  -4.6612296  15.9035  0.0021      430         0.0        0.008840422 0.87       435.1234  0.541       -4.2        "     3.511     13.839" 3.44        5.321   2.445   0.017      0.0082     0.32661890175559666
  HCG12d      21.9048  -4.66875   12     0.48         0.28         10     180.702  182.234  21.9049432  -4.6687242  16.0308  0.0062      802         0.0        0.01063754  0.03       386.9798  0.529       -25.0       "    10.065     31.379" 4.76        9.742   4.588   0.0472     0.0222     0.5221368341735791 
  HCG12e      21.866   -4.67742   12     0.23         0.15         8      87.712   87.73    21.8659767  -4.6773946  16.3425  0.0035      377         0.0        0.007027491 0.88       290.401   0.455       65.0        "     3.433     15.301" 3.67        5.005   2.728   0.0244     0.0113     0.123896496664215  
  HCG13a      23.0854  -7.85956   13     1.0          0.5          30     379.734  380.311  23.0853185  -7.8594158  13.5957  0.0018      5602        0.0        0.02704479  0.03       3645.028  0.614       18.8        "    24.966     78.496" 4.56        26.767  10.342  0.0403     0.0159     0.5949449227189453 
  HCG13b      23.093   -7.87319   13     0.66         0.6          1      250.798  249.953  23.0929669  -7.8732502  13.6558  0.0022      4881        0.0        0.05245617  0.03       3448.893  0.14        53.2        "    24.484     82.050" 5.31        16.571  14.257  0.0353     0.0306     0.24677972502647458
  HCG13d      23.0798  -7.89606   13     0.23         0.16         2      88.341   87.387   23.0797066  -7.8960725  15.8752  0.0028      408         0.0        0.002044227 0.62       446.5893  0.357       -37.7       "     3.429     13.787" 3.64        4.533   2.913   0.0184     0.0111     0.33607838971342996
  HCG13e      23.1083  -7.86953   13     0.3          0.17         4      114.408  115.004  23.1082547  -7.8694195  15.8917  0.0057      582         0.0        0.0316864   0.03       439.8723  0.331       87.3        "     7.683     27.408" 5.13        6.431   4.299   0.0332     0.0226     0.4293499379337985 
  HCG15a      31.9712  2.16761    15     1.1          0.5          1      417.299  416.726  31.971167   2.1675799   13.0048  8.0E-4      9904        0.0        0.05603852  0.03       6281.924  0.464       40.8        "    17.883     79.690" 4.08        25.39   13.614  0.0284     0.0152     0.16073313155904798
  HCG15b      31.8921  2.11519    15     0.8          0.7          1      303.41   303.025  31.8921099  2.1151378   13.2094  0.0011      7998        0.0        0.04747433  0.03       5202.857  0.116       -23.8       "    17.386     77.082" 4.47        18.309  16.189  0.0248     0.0218     0.19126527573958885
  HCG15c      31.9158  2.14967    15     0.8          0.8          1      303.914  303.72   31.9157545  2.1496942   13.1326  9.0E-4      8644        0.0        0.04683321  0.03       5584.306  0.05        27.0        "    16.756     74.086" 4.23        17.983  17.088  0.0215     0.0208     0.18542541225521808
  HCG15d      31.9062  2.18069    15     0.9          0.8          23     339.829  341.108  31.9063289  2.1807019   13.4092  0.0014      7537        0.0        0.04741703  0.03       4328.221  0.156       -39.1       "    22.838     86.560" 4.75        19.803  16.707  0.0294     0.0256     0.465678653947219  
  HCG15e      31.8553  2.11611    15     0.3          0.3          1      112.983  114.241  31.8554119  2.1161365   13.8927  0.0016      3805        0.0        0.02536493  0.03       2772.86   0.123       -32.4       "    14.891     56.654" 4.8         12.588  11.045  0.0216     0.0188     0.4137148352007142 
  HCG15f      31.9075  2.19039    15     0.56         0.33         13     212.798  210.48   31.9074672  2.1901678   14.8945  0.0044      2439        0.0        0.03169438  0.0        885.3412  0.384       -83.8       "    22.948     64.438" 5.41        15.995  9.849   0.0534     0.0342     0.8085756163257245 
  HCG16a      32.3525  -10.1359   16     1.3          1.0          1      492.185  492.475  32.3525352  -10.1359028 11.6468  3.0E-4      19534       0.0        0.1397865   0.03       22462.62  0.197       -79.7       "    22.425     89.017" 3.51        28.036  22.519  0.0143     0.0111     0.12514889649930278
  HCG16b      32.3368  -10.1331   16     1.76         0.67         2      668.111  667.12   32.3366759  -10.1330868 12.0782  4.0E-4      14525       0.0        0.06749424  0.03       14990.17  0.515       -6.7        "    22.255     86.093" 3.45        31.628  15.337  0.019      0.0099     0.44235116274557157
  HCG16c      32.4105  -10.1467   16     1.1          0.9          28     417.474  420.634  32.4104471  -10.1463002 12.4308  6.0E-4      11839       0.0        0.04779446  0.03       10658.25  0.225       -9.1        "    16.201     71.233" 3.66        22.044  17.074  0.0181     0.0141     1.451436797532537  
  HCG17a      33.5213  13.3111    17     0.36         0.34         1      138.917  135.7    33.5210268  13.311012   14.6543  0.0028      2340        4.98       0.03267002  0.03       1252.323  0.153       -55.3       "    13.316     47.418" 4.5         11.322  9.593   0.0336     0.0271     1.0081653160662156 
  HCG17b      33.516   13.3131    17     0.54         0.43         2      204.245  205.179  33.5160853  13.3131197  14.6473  0.003       2266        4.68       0.03066751  0.03       1154.661  0.19        -52.9       "    15.879     51.083" 4.87        11.551  9.352   0.0367     0.029      0.30712795183119934
  HCG17c      33.5209  13.3173    17     0.27         0.2          1      102.24   102.073  33.5209294  13.3172531  15.1148  0.0038      1449        5.36       0.02293984  0.03       764.0952  0.233       -33.7       "    12.696     41.660" 4.82        9.952   7.629   0.0385     0.0305     0.19777434146462564
  HCG17d      33.5316  13.3066    17     0.18         0.18         5      68.342   68.072   33.5316179  13.3065529  16.636   0.006       307         3.86       0.0129904   0.89       221.6201  0.148       -16.6       "     4.106     16.025" 4.46        3.899   3.321   0.0261     0.022      0.18078476360404522
  HCG17e      33.5175  13.3191    17     0.11         0.09         15     171.004  207.518  33.5173996  13.318912   16.9699  0.0092      218         4.09       0.02702686  0.84       129.1597  0.192       18.6        "     5.129     18.209" 5.38        3.75    3.03    0.0352     0.029      0.7627344960139527 
  HCG21d      41.3732  -17.5423   21     0.9          0.8          1      341.816  341.053  41.3731059  -17.5422942 12.792   8.0E-4      11377       7.08       0.05496933  0.03       7641.86   0.053       -2.4        "    18.827     80.540" 3.99        20.724  19.622  0.0209     0.0196     0.3236800326750295 
  HCG21e      41.3435  -17.5332   21     0.9          0.6          1      341.611  341.033  41.3434296  -17.5331963 13.3143  0.0011      7372        5.55       0.02103384  0.03       4723.752  0.251       -1.7        "    17.960     69.660" 3.98        19.427  14.542  0.0239     0.0186     0.24203262928501554
  HCG25a      50.1789  -1.10858   25     1.3          0.6          1      492.609  495.674  50.178888   -1.1082309  13.6236  0.0014      9593        49.46      0.0172455   0.0        3552.733  0.581       58.7        "    29.328     90.415" 4.01        34.046  14.256  0.0436     0.0177     1.2575019838002772 
  HCG25b      50.1892  -1.04469   25     0.97         0.64         1      367.02   367.056  50.1892529  -1.0447388  13.1002  8.0E-4      9636        6.25       0.04495696  0.03       5753.412  0.421       82.2        "    17.634     73.085" 3.9         24.631  14.264  0.0229     0.0148     0.25907296190386775
  HCG25d      50.1606  -1.03503   25     0.16         0.11         1      60.517   61.247   50.1606532  -1.0350028  14.7628  0.0013      1382        4.96       0.01190559  0.03       1244.213  0.342       20.1        "     6.866     24.287" 3.53        8.218   5.409   0.0156     0.0106     0.21507270527739153
  HCG26e      50.463   -13.6633   26     0.35         0.12         3      133.832  131.223  50.4629058  -13.6634954 16.866   0.0077      542         25.9       1.551881E-4 0.0        179.3143  0.608       -42.0       "     8.460     26.330" 3.85        9.252   3.628   0.0592     0.0222     0.7767967734865857 
  HCG26f      50.4898  -13.6629   26     0.18         0.12         1      69.592   68.325   50.4896764  -13.6629192 17.5733  0.0131      171         7.59       0.004798741 0.02       93.47079  0.236       18.7        "     4.736     15.665" 5.0         3.572   2.727   0.0372     0.0289     0.4378586564161416 
  HCG31q      75.4098  -4.22244   31     0.306        0.24         1      116.254  114.724  75.409772   -4.2225803  15.7691  0.007       920         18.49      0.01432424  0.0        492.4622  0.206       -47.6       "    13.566     41.380" 5.49        8.543   6.779   0.0456     0.0373     0.5149867587808482 
  LEDA3080767 75.5232  -4.50031   31     0.9          0.6          28     342.336  339.052  75.5230526  -4.5005242  14.0589  0.0028      4654        43.61      0.01456769  0.0        2379.251  0.438       -69.6       "    24.827     79.499" 4.52        22.051  12.389  0.0483     0.0265     0.9351316442754339 
  HCG35a      131.339  44.5206    35     0.17         0.13         1      67.874   64.758   131.3384794 44.5206284  14.4513  0.0018      1733        7.71       0.04440921  0.03       1657.662  0.606       67.4        "     8.531     34.631" 4.15        12.692  4.996   0.0272     0.0119     1.3401783066060147 
  HCG35b      131.336  44.5089    35     0.53         0.46         1      201.641  201.685  131.3359011 44.5089754  13.8218  0.0016      4914        7.02       0.03263326  0.03       2959.989  0.054       57.7        "    16.188     63.613" 4.5         14.51   13.726  0.0256     0.0248     0.3716830850467365 
  HCG35c      131.327  44.5277    35     0.35         0.3          1      134.154  132.362  131.326822  44.5276299  14.3676  0.0018      2676        6.0        0.03026299  0.03       1790.373  0.07        27.9        "     9.560     43.918" 4.38        10.399  9.671   0.0217     0.021      0.5219030986298382 
  HCG35d      131.336  44.5397    35     0.51         0.19         6      191.934  193.298  131.3362417 44.5396777  15.2134  0.0025      1275        15.14      0.01059772  0.03       821.5776  0.646       12.3        "     9.150     32.534" 4.01        12.149  4.299   0.0321     0.0116     0.6253651688984735 
  HCG35e      131.336  44.5033    35     0.24         0.14         3      88.014   91.264   131.3364605 44.5033291  15.9874  0.0034      503         4.69       0.02515032  0.16       398.8385  0.371       19.8        "     4.059     17.292" 4.06        5.257   3.305   0.0234     0.0142     1.1869912992357377 
  HCG35f      131.337  44.5332    35     0.14         0.12         2      53.827   53.823   131.3369496 44.5332355  16.7498  0.0079      309         5.61       0.02529174  0.03       199.5558  0.223       -16.6       "     5.278     18.750" 4.84        4.403   3.419   0.0324     0.0249     0.18182756751143933
  HCG37b      138.388  30.0001    37     1.88         0.28         150    719.986  710.395  138.3870492 29.9998684  13.1413  9.0E-4      11055       66.39      0.03621933  0.03       5481.103  0.846       -15.2       "    31.965    104.299" 4.07        56.335  8.701   0.0495     0.0081     3.079324464276298  
  HCG37d      138.391  30.0158    37     0.4          0.32         6      151.062  137.757  138.3911191 30.0142333  15.129   0.0029      1054        17.74      0.03477138  0.02       888.0047  0.173       4.5         "    17.019     47.978" 6.23        8.445   6.988   0.0189     0.016      5.652325913725771  
  HCG37e      138.392  30.0398    37     0.36         0.35         1      138.442  136.524  138.3917532 30.0398026  15.2305  0.0024      1853        7.45       0.01304662  0.03       808.6876  0.021       -36.1       "    10.112     37.821" 4.4         8.684   8.501   0.0222     0.0219     0.7691944186365925 
  HCG39a      142.365  -1.34578   39     0.35         0.27         1      129.208  131.877  142.3654172 -1.3459035  15.3863  0.0032      1234        7.05       0.01002187  0.03       660.8174  0.457       62.4        "     9.597     32.678" 4.4         10.049  5.452   0.0299     0.0179     1.5659465049819328 
  HCG39b      142.369  -1.34942   39     0.26         0.19         3      101.413  98.487   142.3686795 -1.3494215  15.6577  0.003       1127        4.77       0.008928499 0.03       536.1014  0.227       -72.1       "     6.769     29.444" 4.0         8.065   6.235   0.0278     0.0176     1.153492654714006  
  HCG39c      142.372  -1.35253   39     0.26         0.18         4      95.073   98.504   142.3723771 -1.3525295  16.0185  0.0034      471         5.91       0.006065376 0.03       391.3895  0.24        49.5        "     7.265     24.751" 5.08        5.361   4.074   0.0154     0.0115     1.3571829624841711 
  HCG39d      142.363  -1.33953   39     0.23         0.16         6      86.905   87.886   142.3630655 -1.3394875  15.909   0.0032      602         5.55       0.01070948  0.03       432.8993  0.33        -47.8       "     4.869     19.324" 4.1         5.726   3.837   0.023      0.0159     0.2810342600656088 
  HCG43a      152.833  -0.0229722 43     0.7          0.27         17     266.487  265.78   152.8328915 -0.0229414  14.2771  0.0015      2792        11.05      0.004241717 0.03       1946.105  0.642       -20.6       "    13.262     43.695" 3.73        18.054  6.46    0.0281     0.0117     0.4060328926734982 
  HCG43b      152.781  -0.0421944 43     1.01         0.18         31     380.278  384.472  152.7812994 -0.0420325  14.8148  0.0025      2062        17.13      0.006290864 0.03       1186.036  0.742       50.8        "    13.448     55.235" 4.13        20.098  5.191   0.0537     0.0118     1.2253329766199834 
  HCG43c      152.803  -0.0675278 43     0.5          0.28         1      191.949  189.773  152.8027306 -0.0674978  14.4566  0.0012      1819        5.14       0.008445636 0.03       1649.529  0.52        79.7        "     6.578     28.166" 3.57        10.639  5.111   0.0202     0.0101     0.9758341660105674 
  HCG43d      152.804  -0.0871111 43     0.3          0.27         2      112.486  114.197  152.8041666 -0.0870894  15.7747  0.0036      910         9.2        0.001729132 0.03       489.9249  0.117       -39.2       "     8.257     25.411" 3.94        6.953   6.139   0.025      0.0211     0.6048255622492474 
  HCG43e      152.81   -0.0513611 43     0.27         0.25         1      106.664  103.331  152.809542  -0.0512697  15.4979  0.004       1181        5.91       0.004070466 0.04       632.1732  0.25        51.2        "     9.218     34.650" 4.53        8.788   6.588   0.0353     0.0263     1.6813109709393899 
  HCG44c      154.411  21.6882    44     2.16         1.1          1      820.755  817.939  154.4107331 21.6881383  11.5094  5.0E-4      38030       252.05     0.4053218   0.03       24902.85  0.421       38.0        "    56.981    170.425" 3.93        55.156  31.957  0.0244     0.0139     0.9200362894915634 
  HCG45a      154.807  59.1311    45     1.21         0.39         47     456.112  458.05   154.8075119 59.1310506  13.8985  0.0017      6012        8.55       0.02453173  0.03       2757.98   0.644       -16.0       "    22.164     79.567" 4.52        27.605  9.832   0.0482     0.0168     0.9620959874847753 
  HCG45b      154.772  59.1055    45     0.55         0.31         16     207.452  209.087  154.7722245 59.1055646  15.0026  0.0025      1946        5.72       0.009288356 0.03       997.6387  0.376       82.7        "    10.401     39.982" 4.2         11.516  7.181   0.0325     0.0195     0.4756996195198847 
  HCG45c      154.782  59.0845    45     0.16         0.1          1      59.637   60.928   154.7822918 59.0844921  16.1116  0.007       595         11.15      0.0410997   0.03       359.2261  0.777       38.0        "    11.125     30.221" 5.48        12.015  2.681   0.0706     0.0146     0.5404575083493229 
  HCG45d      154.818  59.1376    45     0.28         0.17         4      109.079  105.985  154.817447  59.1375433  15.7486  0.0035      682         4.29       0.03093818  0.08       501.8351  0.194       57.3        "     6.314     24.912" 5.09        5.446   4.387   0.021      0.0172     1.0414370213139623 
  HCG46a      155.53   17.8381    46     0.36         0.27         1      139.549  136.508  155.5296477 17.8381009  14.328   0.0025      2754        5.22       0.01855382  0.03       1856.906  0.267       -45.2       "    14.797     54.537" 4.91        12.874  9.441   0.0325     0.0231     1.2073129298186915 
  HCG46b      155.554  17.8538    46     0.32         0.26         2      124.692  121.099  155.5536311 17.8537559  14.4117  0.0023      2596        5.0        0.02339584  0.03       1644.908  0.214       6.0         "    12.295     48.028" 4.45        11.876  9.333   0.0289     0.0215     1.2740148688373996 
  HCG46c      155.553  17.8595    46     0.26         0.23         1      102.389  99.69    155.5525506 17.8596309  14.2989  0.002       2724        4.63       0.03288649  0.03       1820.17   0.055       -78.0       "    10.789     44.040" 4.3         10.551  9.969   0.0243     0.0237     1.610369980986453  
  HCG46d      155.572  17.8819    46     0.42         0.25         1      162.558  158.925  155.5716466 17.8818368  14.6014  0.0021      1950        4.33       0.007402455 0.03       1443.561  0.378       76.9        "    10.608     37.880" 4.14        11.255  7.006   0.0246     0.0165     1.2319715570616652 
  HCG47a      156.443  13.7169    47     1.12         0.59         1      425.473  423.361  156.4428898 13.7167747  13.102   0.0012      8730        6.75       0.03422019  0.03       5743.71   0.426       -74.5       "    26.614     87.114" 4.04        27.789  15.964  0.0325     0.0163     0.593304678688047  
  HCG47b      156.452  13.7279    47     0.61         0.54         9      226.757  231.819  156.4525371 13.7279351  13.8459  0.0012      2041        4.47       0.03636774  0.03       2894.828  0.103       13.4        "    12.330     43.605" 4.98        9.255   8.298   0.0113     0.0101     1.8825706514020155 
  HCG47c      156.454  13.7532    47     0.4          0.33         6      150.945  151.467  156.4541195 13.7531414  15.1153  0.0036      1544        7.36       0.02531938  0.03       810.9767  0.205       -23.5       "    11.892     39.859" 4.7         9.55    7.597   0.0312     0.0254     0.4680981352182001 
  HCG49a      164.174  67.1849    49     0.48         0.44         9      184.04   180.865  164.1734213 67.1847752  15.3703  0.004       1407        13.83      0.003545694 0.03       711.019   0.485       -38.9       "    12.048     37.748" 4.39        11.839  6.096   0.041      0.0224     0.9243577632197117 
  HCG49b      164.163  67.1803    49     0.46         0.21         10     172.1    173.88   164.1636806 67.1802318  16.1074  0.0057      590         17.7       0.002569313 0.02       360.6102  0.574       -9.5        "     8.059     26.925" 4.72        8.429   3.592   0.0416     0.0179     0.9814586111231216 
  HCG49c      164.153  67.1812    49     0.34         0.26         7      126.558  130.333  164.1536928 67.1813466  16.6468  0.0101      468         14.73      0.002355645 0.0        186.1346  0.234       15.7        "     8.942     28.251" 5.22        6.182   4.737   0.0471     0.0355     1.101860254345759  
  HCG49d      164.14   67.178     49     0.34         0.22         8      127.918  129.103  164.1403069 67.1780113  16.6238  0.0055      329         5.94       0.00175696  0.03       224.1149  0.382       -26.6       "     4.075     16.195" 4.04        4.792   2.96    0.0321     0.017      0.43046018134183595
  HCG50a      169.277  54.9171    50     0.2          0.19         1      77.418   76.548   169.2767286 54.9171603  15.8817  0.007       644         27.12      0.01365379  0.03       443.9258  0.228       -9.5        "    12.690     37.111" 5.8         7.129   5.503   0.0429     0.0348     0.6020614426542699 
  HCG50b      169.285  54.9174    50     0.27         0.15         7      104.525  102.734  169.2846125 54.9174257  16.5051  0.0071      393         5.02       0.008744318 0.16       250.0228  0.596       -29.2       "     6.335     21.685" 4.73        7.028   2.837   0.0443     0.0182     0.8071058328614802 
  HCG50c      169.267  54.9209    50     0.19         0.17         3      72.617   72.281   169.2668819 54.9209309  16.9581  0.0113      310         5.58       0.01783192  0.03       164.7282  0.18        -83.0       "     7.042     22.752" 5.37        4.695   3.848   0.0437     0.0355     0.2684724697638549 
  HCG50d      169.277  54.9237    50     0.24         0.14         8      89.737   90.235   169.2772417 54.9236159  16.9988  0.0091      229         9.56       0.009770343 0.03       158.6606  0.651       -36.7       "     5.199     20.224" 4.74        5.904   2.06    0.0497     0.0156     0.584545293799624  
  HCG50e      169.286  54.9206    50     0.14         0.1          5      48.159   49.955   169.2870222 54.9202101  17.6547  0.013       121         4.55       0.01929874  0.71       86.72061  0.365       9.4         "     3.467     11.377" 4.73        3.211   2.038   0.0374     0.0225     2.538308757956601  
  HCG51b      170.559  24.3001    51     0.8          0.6          1      301.533  303.171  170.5592374 24.3000639  13.7089  0.0015      6313        12.96      0.01568713  0.03       3284.384  0.427       -89.9       "    21.450     75.875" 4.15        22.43   12.849  0.0328     0.0174     0.7896884366962965 
  HCG51c      170.625  24.2793    51     0.9          0.6          2      338.776  341.324  170.6252684 24.2793356  12.8233  9.0E-4      12781       6.3        0.07481546  0.03       7424.376  0.409       -12.8       "    23.808    101.931" 4.48        29.026  17.16   0.0317     0.019      0.8900530741325114 
  HCG51e      170.555  24.3172    51     0.3          0.3          1      111.982  113.911  170.5552436 24.3171902  13.8424  0.001       3268        7.54       0.02139711  0.03       2904.353  0.069       59.9        "     8.517     36.859" 3.7         10.278  9.568   0.0163     0.0147     0.7999342435580784 
  HCG51g      170.617  24.2954    51     0.23         0.19         3      85.637   87.581   170.6172249 24.295409   15.245   0.0031      678         3.41       0.0973032   0.92       811.3546  0.079       74.9        "     3.856     18.617" 3.93        4.966   4.573   0.0221     0.0204     0.7386462090745974 
  HCG53a      172.21   20.795     53     2.28         0.71         154    862.917  863.898  172.2101275 20.7949888  12.4996  7.0E-4      21175       11.41      0.02127629  0.03       10004.11  0.684       1.2         "    40.718    139.534" 3.64        54.484  17.22   0.0385     0.0125     0.4309893805927062 
  HCG53b      172.249  20.7391    53     0.82         0.48         1      307.639  311.641  172.2493954 20.7391705  13.3687  7.0E-4      7629        6.31       0.03129707  0.03       4492.994  0.383       24.5        "    11.689     55.914" 3.57        19.302  11.901  0.0218     0.0132     1.3551825631545897 
  HCG53c      172.244  20.7497    53     0.7          0.5          24     267.673  266.086  172.2437444 20.7497645  14.2072  0.0014      4767        26.7       0.01332252  0.03       2075.507  0.246       23.7        "    17.320     58.795" 3.92        17.033  12.847  0.0258     0.017      0.8912547287405831 
  HCG53d      172.311  20.7731    53     0.49         0.27         11     184.385  186.558  172.31119   20.7731613  15.3441  0.0031      1947        34.66      0.009813604 0.03       728.3536  0.591       -2.4        "    14.234     45.931" 4.6         15.408  6.301   0.042      0.0179     0.6765383699491386 
  HCG56a      173.195  52.9409    56     1.15         0.19         29     438.899  436.674  173.1944708 52.9409741  14.6624  0.0018      2202        52.08      0.005064035 0.03       1364.669  0.828       83.2        "    17.238     56.424" 3.68        23.96   4.131   0.0439     0.008      1.1786810911132022 
  HCG56b      173.168  52.9504    56     0.65         0.36         1      246.833  246.775  173.1679391 52.9504302  13.6758  7.0E-4      3549        9.1        0.01441428  0.03       3599.885  0.71        -34.3       "     8.028     41.777" 3.15        19.596  5.692   0.0213     0.0072     0.17108099270081153
  HCG56c      173.153  52.9477    56     0.74         0.56         16     280.118  280.158  173.1530697 52.9476624  14.0413  0.0011      3070        4.08       0.02540582  0.03       2276.107  0.167       -53.6       "     9.642     40.361" 3.69        11.754  9.795   0.019      0.014      0.20293065630820634
  HCG56d      173.147  52.9473    56     0.42         0.26         3      157.887  158.967  173.1472945 52.9472413  14.8455  0.0025      1813        9.03       0.02549171  0.03       1040.531  0.494       60.2        "    11.488     40.960" 4.23        13.582  6.867   0.0358     0.0186     0.672867954995385  
  HCG56e      173.137  52.9393    56     0.44         0.31         11     170.173  166.691  173.1364209 52.939266   15.219   0.0029      1466        8.71       0.0094778   0.03       817.3317  0.247       -79.3       "     8.728     35.352" 4.42        8.965   6.754   0.0293     0.0212     1.2623516448358048 
  HCG57b      174.432  22.0098    57     1.1          0.5          35     417.784  416.496  174.4319069 22.0097446  13.3567  0.0013      8260        9.34       0.02151173  0.03       4542.867  0.472       32.5        "    23.906     78.339" 4.01        27.049  14.29   0.0349     0.0167     0.3692311406803974 
  HCG57c      174.465  21.9743    57     0.8          0.7          1      302.142  302.884  174.465161  21.9742322  13.2952  0.0012      8386        10.74      0.06110951  0.03       4593.633  0.306       60.7        "    19.951     82.686" 4.3         22.474  15.598  0.0319     0.022      0.5903168764967995 
  HCG57d      174.479  21.9855    57     0.4          0.3          2      152.366  150.454  174.4789566 21.98533    14.0896  0.0016      3040        9.2        0.04060915  0.03       2054.251  0.266       89.0        "    16.858     49.164" 4.14        14.187  10.406  0.021      0.0187     0.6289146712617091 
  HCG57e      174.454  22.0261    57     0.7          0.4          1      261.983  265.562  174.4544173 22.0261068  14.0034  0.001       2652        6.08       0.01839332  0.03       2504.088  0.499       47.6        "     8.808     38.180" 3.77        12.954  6.485   0.0201     0.0089     1.3928483673284975 
  HCG57f      174.474  21.9365    57     0.69         0.4          1      258.029  261.655  174.4744116 21.936517   14.0571  0.0015      4599        6.27       0.02311637  0.03       2383.281  0.401       -84.0       "    14.143     61.600" 4.42        17.113  10.245  0.0302     0.0177     1.3758400260355539 
  HCG57g      174.435  22.0213    57     0.4          0.2          6      150.812  151.523  174.4351409 22.0212475  14.4621  0.0016      2074        5.39       0.02404311  0.03       1641.238  0.35        8.5         "     9.064     36.333" 4.19        10.593  6.888   0.0207     0.0139     0.5067949874765687 
  HCG57h      174.46   22.0126    57     0.33         0.28         1      122.278  124.814  174.4603823 22.0125245  15.5213  0.0043      1197        5.56       0.01467819  0.03       618.6924  0.286       -71.8       "    10.606     35.643" 4.6         9.022   6.439   0.0326     0.0256     1.3045794481648099 
  HCG58a      175.546  10.2778    58     1.4          0.8          62     527.574  529.555  175.5463271 10.2776961  12.4361  6.0E-4      11801       10.0       0.04312871  0.03       10606.05  0.43        83.6        "    20.438     76.645" 3.69        26.178  14.926  0.02       0.012      1.2175431464137312 
  HCG58b      175.599  10.2641    58     1.68         0.96         2      637.937  637.843  175.5988393 10.2642477  12.2098  6.0E-4      17205       7.89       0.06827874  0.03       13064.63  0.298       61.1        "    20.330     91.472" 3.65        29.664  20.837  0.0262     0.0176     0.7789641119714145 
  HCG58c      175.471  10.3044    58     1.09         0.84         44     415.389  412.678  175.4707329 10.3043645  12.7081  7.0E-4      13307       9.54       0.02706118  0.03       8256.151  0.191       17.1        "    26.098     82.177" 3.47        26.053  21.078  0.021      0.0173     0.954644429224213  
  HCG58d      175.524  10.3511    58     0.91         0.73         1      340.82   345.358  175.5244674 10.3511393  13.0642  9.0E-4      9374        5.59       0.04261631  0.03       5947.28   0.154       58.8        "    18.517     74.285" 4.02        20.014  16.929  0.0214     0.0189     1.6612906050843526 
  HCG58e      175.52   10.3842    58     0.65         0.5          1      244.2    242.274  175.5202572 10.3837351  14.0046  0.0019      4901        31.42      0.01135673  0.0        2501.31   0.254       -64.9       "    22.696     68.665" 4.19        18.768  14.007  0.0297     0.0221     1.9053991552729164 
  HCG59a      177.115  12.7274    59     0.59         0.54         1      225.415  222.794  177.114784  12.7273224  13.5123  9.0E-4      5477        11.82      0.01843166  0.03       3936.274  0.206       8.6         "    13.226     52.887" 3.86        15.199  12.062  0.0188     0.0143     0.8083038186700929 
  HCG59b      177.084  12.7166    59     0.5          0.5          1      190.981  189.15   177.083833  12.7165615  14.0952  0.0015      4049        8.3        0.01369565  0.03       2300.981  0.108       -5.1        "    13.511     52.335" 4.19        13.211  11.788  0.0234     0.0208     0.6026086557059864 
  HCG59c      177.135  12.7053    59     0.9          0.29         17     339.205  340.719  177.1352024 12.705269   15.0472  0.0035      2349        28.44      0.003679674 0.0        957.4433  0.678       -2.5        "    18.770     62.372" 4.1         20.513  6.612   0.0619     0.0203     0.7195063375580659 
  HCG60a      180.78   51.6752    60     0.58         0.45         1      221.988  219.554  180.7796474 51.675151   13.8386  0.002       4852        6.68       0.04165781  0.03       2530.747  0.235       -21.0       "    21.375     75.584" 4.96        17.217  13.167  0.0343     0.027      0.8066776094195134 
  HCG60b      180.736  51.695     60     0.38         0.21         6      143.401  147.717  180.7361063 51.6954089  15.0876  0.0032      1715        14.08      0.00820531  0.03       922.4508  0.339       27.8        "    12.052     42.509" 4.68        11.175  7.39    0.0331     0.0221     1.4910287165118035 
  HCG60c      180.779  51.6854    60     0.37         0.26         1      141.133  139.872  180.7788878 51.6853309  15.2909  0.0049      1460        8.88       0.02126448  0.02       650.2189  0.453       -87.4       "    15.205     49.016" 5.19        12.364  6.765   0.0479     0.0267     0.3529770070394903 
  HCG60d      180.79   51.6782    60     0.34         0.28         6      129.006  128.724  180.7899989 51.6781696  15.2721  0.0037      1280        4.05       0.02575537  0.34       679.9014  0.129       5.4         "    10.484     36.442" 4.76        8.247   7.182   0.031      0.0272     0.10946754368873557
  HCG66a      204.659  57.3123    66     0.45         0.39         1      168.109  170.476  204.659487  57.3122974  13.9771  0.0018      3794        6.25       0.03173582  0.03       2331.058  0.154       31.4        "    15.308     57.029" 4.53        13.708  11.597  0.0271     0.0235     0.946878886343167  
  HCG66b      204.668  57.3125    66     0.49         0.27         6      184.462  185.868  204.6683133 57.3124855  15.0591  0.0035      1466        10.01      0.02125964  0.03       805.1539  0.434       66.3        "    12.547     43.206" 4.81        11.538  6.533   0.04       0.0213     0.611351904802455  
  HCG66c      204.646  57.3082    66     0.32         0.16         6      119.802  121.124  204.6463458 57.3081586  15.4798  0.0028      744         7.26       0.02213883  0.03       642.8278  0.52        75.2        "     5.518     22.608" 4.18        7.557   3.625   0.0265     0.0129     0.688704770914768  
  HCG66d      204.643  57.3043    66     0.17         0.12         4      62.179   64.826   204.6434727 57.3043359  16.4156  0.0045      281         4.97       0.02964113  0.07       271.4854  0.194       7.0         "     3.576     13.962" 4.21        3.631   2.926   0.0189     0.0149     0.9282706866849514 
  HCG68d      208.44   40.3387    68     1.12         0.72         1      425.65   424.335  208.439834  40.3386818  12.7611  8.0E-4      10233       6.76       0.05068424  0.03       7862.508  0.32        -61.8       "    18.962     78.452" 4.09        22.87   15.544  0.0227     0.0147     0.4601975176225798 
  HCG68e      208.502  40.2773    68     1.24         0.49         35     471.858  470.308  208.5017322 40.2773339  13.2186  8.0E-4      6660        8.63       0.02364431  0.03       5159.117  0.624       49.3        "    15.214     66.121" 3.76        24.508  9.227   0.028      0.0103     0.7455759931822425 
  HCG69b      208.893  25.0498    69     0.59         0.38         1      221.184  223.479  208.8932812 25.0497977  14.3737  0.0015      2688        5.89       0.006498051 0.03       1780.353  0.32        -21.9       "    10.999     37.835" 3.59        12.245  8.321   0.0229     0.0154     0.917138683746645  
  HCG69c      208.886  25.0744    69     0.45         0.37         6      173.643  170.82   208.8856183 25.0744352  14.4261  0.0014      2059        5.97       0.02058279  0.03       1696.458  0.36        19.2        "     7.496     32.942" 4.13        9.92    6.348   0.0187     0.0119     1.251054652340419  
  HCG69d      208.868  25.0736    69     0.11         0.09         78     645.61   597.344  208.8682787 25.0735728  15.3776  0.0026      844         6.28       0.02310881  0.03       640.4417  0.524       -47.8       "     7.316     26.674" 3.99        9.421   4.482   0.0314     0.0132     0.9140316078153118 
  HCG70d      211.041  33.346     70     0.48         0.4          12     180.969  182.368  211.0411358 33.3460405  14.5628  0.0017      2888        12.9       0.008413442 0.03       1477.377  0.245       1.0         "    12.438     44.895" 3.93        12.882  9.722   0.0253     0.018      0.4336393943325821 
  HCG70e      211.024  33.3207    70     0.4          0.4          1      148.58   152.04   211.0244503 33.3207045  14.8884  0.0019      2181        9.49       0.006966406 0.03       1108.296  0.14        -74.1       "    10.290     35.577" 3.8         10.1    8.683   0.0233     0.0203     1.3546857956940415 
  HCG70f      211.018  33.3292    70     0.26         0.21         1      100.032  98.434   211.0177983 33.3291927  16.0875  0.0061      1120        17.05      0.004865982 0.0        367.267   0.169       -67.9       "    12.087     37.405" 4.45        9.028   7.498   0.043      0.0344     0.6072621339011102 
  HCG70g      211.001  33.3317    70     0.24         0.21         1      94.338   91.488   211.0005605 33.3317537  14.8043  0.0014      1950        5.32       0.005732569 0.03       1197.46   0.293       -78.9       "     5.402     29.408" 3.16        10.938  7.733   0.0293     0.0208     1.3359940071290706 
  HCG72a      221.972  19.0771    72     0.5          0.1          9      185.393  189.017  221.972478  19.0770469  14.4467  0.0013      2002        0.0        0.01158062  0.03       1664.704  0.603       15.3        "     6.520     31.490" 3.65        12.265  4.871   0.0251     0.01       1.6374895248250214 
  HCG72c      221.987  19.0451    72     0.6          0.2          11     229.777  227.429  221.986735  19.0450922  14.3799  0.0018      1638        0.0        0.0357426   0.03       1770.197  0.272       51.3        "    12.426     43.249" 5.32        9.322   6.787   0.0163     0.0118     0.9022170597692637 
  HCG74d      229.882  20.8836    74     0.33         0.26         1      121.838  125.036  229.8824312 20.883549   14.8743  0.0022      1761        0.0        0.02056256  0.03       1122.739  0.192       -31.8       "     8.711     35.388" 4.32        9.021   7.289   0.0242     0.0191     1.4619178270939206 
  HCG74e      229.866  20.9089    74     0.2          0.13         9      104.609  255.454  229.865759  20.9088447  16.4528  0.0053      407         0.0        0.02826462  0.03       262.3412  0.389       -17.3       "     5.307     19.658" 4.69        5.296   3.235   0.0275     0.0172     0.8345603669868964 
  HCG75c      230.412  21.177     75     0.35         0.23         1      136.179  132.6    230.411625  21.176956   14.7738  0.0022      2498        0.0        0.01210915  0.03       1231.637  0.267       73.9        "    11.678     42.986" 4.2         11.86   8.697   0.0286     0.0213     1.2687598520043997 
  HCG75d      230.405  21.1815    75     0.33         0.18         9      125.314  125.841  230.405022  21.1815375  15.1602  0.0029      1397        0.0        0.01769581  0.03       824.6491  0.509       24.7        "    10.227     35.780" 4.36        11.259  5.527   0.0325     0.0153     0.15387890077562041
  HCG75e      230.392  21.179     75     0.4          0.18         1      151.343  152.376  230.3920774 21.1790414  15.1549  0.0027      1244        0.0        0.02502406  0.03       867.033   0.579       -61.5       "     9.188     33.640" 4.42        11.033  4.648   0.0327     0.0138     0.2995315287028257 
  HCG75f      230.374  21.1855    75     0.21         0.17         4      77.132   80.918   230.3743383 21.185601   15.5737  0.0029      657         0.0        0.06217986  0.88       580.2641  0.29        21.6        "     4.255     18.299" 3.87        5.634   3.999   0.0222     0.0158     1.1923603268195173 
  HCG76a      232.948  7.30814    76     0.7          0.2          35     262.015  265.68   232.9483865 7.3081598   13.9364  9.0E-4      3081        0.0        0.01281094  0.03       2663.441  0.67        23.1        "    10.956     42.568" 3.61        17.275  5.698   0.0231     0.0078     1.3819362937087425 
  HCG76c      232.903  7.31242    76     0.71         0.67         1      265.31   269.246  232.9034092 7.3124471   13.4205  0.0011      8039        0.0        0.04380891  0.03       4283.412  0.076       49.0        "    16.525     73.469" 4.31        17.708  16.366  0.0238     0.0215     1.4643922977422192 
  HCG76d      232.926  7.28739    76     0.58         0.49         1      220.787  219.947  232.9259127 7.2873841   13.9599  0.0013      4667        0.0        0.02014745  0.03       2606.505  0.076       -70.7       "    11.669     51.410" 3.92        13.642  12.599  0.0216     0.0203     0.31246410758103776
  HCG76e      232.959  7.31161    76     0.27         0.25         1      101.101  102.685  232.9591552 7.3116304   15.4683  0.003       1223        0.0        0.00808898  0.04       649.6215  0.216       -4.1        "     8.134     28.556" 4.08        7.98    6.26    0.0251     0.0209     0.5590218405751352 
  HCG76g      232.9    7.34975    76     1.2          0.21         97     453.765  455.115  232.900137  7.3497626   15.6768  0.0047      1150        0.0        0.01290456  0.01       536.1439  0.795       47.6        "    16.732     43.735" 4.67        19.055  3.903   0.0616     0.0138     0.4912464087718614 
  HCG81a      244.557  12.8029    81     0.4          0.15         6      152.908  152.825  244.5568975 12.8029907  15.3802  0.0022      753         0.0        0.008324231 0.03       704.582   0.419       -74.6       "     7.854     27.776" 4.52        7.431   4.319   0.0147     0.0084     0.4858909290876659 
  HCG81b      244.559  12.7887    81     0.39         0.18         12     151.993  150.746  244.5585496 12.7890021  14.831   0.0016      1054        0.0        0.02377388  0.03       1168.441  0.449       86.9        "     8.028     32.293" 5.02        8.229   4.531   0.0141     0.0075     1.9191224344313933 
  HCG82a      247.093  32.8493    82     0.9          0.7          1      339.305  341.455  247.0932219 32.8493501  12.8912  8.0E-4      7873        0.0        0.06945226  0.03       6974.332  0.275       -50.0       "    26.097     91.127" 5.22        20.269  14.691  0.0162     0.0117     0.6949188730512271 
  HCG82b      247.116  32.8464    82     0.81         0.57         2      305.362  306.739  247.1162145 32.8463713  13.4317  0.0012      8101        0.0        0.03597989  0.03       4239.54   0.22        -45.4       "    20.750     78.559" 4.4         20.352  15.873  0.0262     0.0192     0.6569225656188361 
  HCG82c      247.086  32.8106    82     0.84         0.32         38     318.496  317.198  247.0860005 32.8104568  14.3291  0.0025      2709        0.0        0.01851551  0.0        1855.114  0.55        65.7        "    17.122     62.397" 4.77        17.756  7.995   0.0397     0.017      0.5155222197847932 
  HCG82d      247.07   32.8133    82     0.49         0.19         9      183.276  186.048  247.0703566 32.8133053  15.0617  0.0018      1004        0.0        0.01544094  0.03       944.7943  0.618       39.5        "     5.502     25.235" 3.7         9.344   3.566   0.0255     0.0088     1.0790929887915517 
  HCG84a      251.095  77.8388    84     0.59         0.49         13     222.798  224.278  251.0953667 77.8388856  13.7384  0.0015      2617        0.0        0.04270598  0.03       3196.382  0.302       -88.4       "    17.180     57.013" 5.35        12.539  8.747   0.018      0.0124     0.4150925158044652 
  HCG84b      251.056  77.8586    84     0.48         0.21         9      181.668  182.214  251.0561736 77.8586236  14.8285  0.0021      1162        0.0        0.01970853  0.03       1042.164  0.548       32.5        "     8.481     32.191" 4.07        10.471  4.731   0.0276     0.0125     0.1565116108736357 
  HCG84c      251.125  77.8303    84     0.5          0.25         3      189.904  189.043  251.1247894 77.8302497  14.755   0.0031      1716        0.0        0.03244061  0.03       1253.13   0.466       -63.1       "    12.642     42.331" 4.84        12.219  6.521   0.0362     0.0203     0.24152526215164044
  HCG84d      251.01   77.8565    84     0.27         0.15         13     106.801  102.565  251.0077508 77.8565071  15.6682  0.0025      521         0.0        0.02638704  0.05       540.3813  0.601       5.7         "     4.361     18.590" 3.83        6.678   2.665   0.0226     0.0087     1.703508347805282  
  HCG84e      251.112  77.8381    84     0.15         0.15         2      56.395   57.881   251.1123157 77.8381969  15.7851  0.0097      312         0.0        0.09176149  0.03       341.9894  0.188       -69.6       "     8.620     24.491" 5.74        4.649   3.773   0.0431     0.0336     0.42310583955095343
  HCG88a      313.148  -5.71114   88     1.77         0.65         102    671.709  670.377  313.1474913 -5.7111524  12.4152  9.0E-4      12825       0.0        0.05021593  0.03       10812.48  0.597       35.6        "    32.886    112.645" 3.79        39.146  15.766  0.0338     0.0145     1.822776449458388  
  HCG88b      313.124  -5.74611   88     1.22         0.9          1      462.624  461.283  313.123778  -5.746245   12.5187  0.0011      13631       0.0        0.07579686  0.03       9829.381  0.22        62.1        "    33.609    108.783" 4.05        29.89   23.329  0.0326     0.0237     0.9319409209135256 
  HCG88c      313.108  -5.77231   88     0.98         0.84         58     367.734  373.062  313.1084163 -5.7721381  13.5523  0.0025      5855        0.0        0.03062179  0.3        3793.72   0.068       79.9        "    30.881     93.349" 5.02        19.18   17.881  0.0388     0.0375     1.6143994833124726 
  HCG88d      313.053  -5.79833   88     0.7          0.29         35     265.125  265.33   313.0530414 -5.7983487  14.5206  0.0029      2892        0.0        0.008160312 0.0        1555.137  0.772       -20.1       "    21.414     61.222" 4.36        26.211  5.963   0.0632     0.0148     0.1628440564563376 
  HCG89a      320.004  -3.92214   89     0.9          0.6          63     340.215  341.042  320.0040865 -3.9221354  14.1552  0.0029      5373        0.0        0.01419815  0.04       2177.324  0.468       -35.1       "    29.438     81.146" 4.31        25.528  13.594  0.0563     0.0305     0.3111117222286708 
  HCG89b      320.08   -3.89603   89     0.7          0.34         35     267.031  265.112  320.0798312 -3.8960727  14.8558  0.004       2557        0.0        0.01374287  0.01       1142.016  0.5         52.4        "    19.461     63.744" 4.59        17.98   8.985   0.0551     0.0258     0.6254598127317338 
  HCG89c      320.035  -3.91761   89     0.48         0.29         1      183.411  180.633  320.0348444 -3.9177604  15.2076  0.0043      1710        0.0        0.006251234 0.0        825.9252  0.441       -86.8       "    14.879     48.837" 4.58        13.31   7.442   0.0464     0.0248     0.7781206574210413 
  HCG89d      320.033  -3.90836   89     0.27         0.17         6      100.554  104.762  320.0332146 -3.9081112  16.2502  0.0078      672         0.0        0.004583771 0.0        316.1661  0.507       -12.7       "    10.804     30.062" 4.76        9.369   4.617   0.0478     0.0261     1.1816593798424522 
  HCG92e      338.966  33.9449    92     1.1          1.1          64     416.044  417.274  338.9661268 33.9449301  13.1616  9.0E-4      5436        0.0        0.05721565  0.03       5109.57   0.159       -3.6        "    14.155     57.988" 4.34        14.637  12.308  0.0169     0.0137     0.3938828428864633 
  HCG92f      339.085  33.985     92     0.7          0.6          40     266.276  266.957  339.0848971 33.9851603  14.543   0.0032      3423        0.0        0.01155943  0.03       1523.406  0.123       -84.7       "    22.429     65.008" 4.67        14.827  12.998  0.0391     0.0348     0.6537355696010976 
  HCG93a      348.817  18.9618    93     1.4          1.2          1      531.172  526.866  348.8169219 18.9614003  11.4764  5.0E-4      38997       0.0        0.1857519   0.03       25669.8   0.062       55.8        "    40.356    162.853" 4.27        39.361  36.917  0.0218     0.0208     1.4632823810501767 
  HCG93b      348.822  19.0417    93     2.8          0.7          112    1063.58  1064.965 348.8216998 19.0421361  12.5226  0.001       17788       0.0        0.05983633  0.01       9794.195  0.516       -66.5       "    37.252    151.420" 4.55        46.687  22.603  0.0462     0.0158     1.873074084872113  
  HCG93c      348.764  18.9734    93     1.1          0.5          44     412.448  415.586  348.7645295 18.9732445  12.6528  7.0E-4      12256       0.0        0.0531406   0.03       8687.582  0.557       14.8        "    24.764     96.827" 4.15        32.223  14.282  0.0265     0.0114     1.8875575678683025 
  HCG93d      348.888  19.0482    93     0.7          0.6          14     265.99   265.09   348.887943  19.0481549  13.7365  9.0E-4      4639        0.0        0.01135035  0.03       3201.948  0.11        76.3        "    10.443     45.391" 3.73        12.887  11.476  0.0177     0.0159     0.2529483509462978 
  HCG94c      349.334  18.7349    94     0.67         0.29         1      251.553  252.699  349.3342842 18.7347569  14.1797  0.0014      3191        0.0        0.02512308  0.03       2128.8    0.594       74.1        "    12.007     49.744" 4.16        17.36   7.044   0.0287     0.0116     1.097349902052158  
  HCG94e      349.314  18.7274    94     0.49         0.12         19     183.947  186.428  349.3142385 18.7274471  15.7015  0.0048      893         0.0        0.03390909  0.02       524.0878  0.733       -88.2       "    13.711     38.040" 5.57        12.931  3.459   0.0514     0.015      0.8306334692935424 
  HCG94f      349.327  18.7396    94     0.23         0.17         1      87.654   87.136   349.3269821 18.7395599  15.8853  0.0041      688         0.0        0.02674768  0.91       442.4814  0.162       61.2        "     5.735     25.817" 4.89        5.769   4.836   0.0274     0.0236     0.1567282083085406 
  HCG94g      349.333  18.7495    94     0.2          0.11         1      75.484   75.44    349.33306   18.7494384  16.4168  0.0042      438         0.0        0.02004857  0.04       271.1929  0.474       -55.6       "     4.592     18.523" 4.23        5.648   2.969   0.0273     0.0138     0.3016837870247898 
  HCG95d      349.866  9.49436    95     0.74         0.15         22     281.103  282.401  349.8659327 9.4945691   15.1878  0.0027      1404        0.0        0.01061511  0.03       841.1895  0.819       56.7        "    13.027     43.491" 3.86        18.785  3.409   0.0526     0.0096     0.7897784771027752 
  HCG96a      351.986  8.77903    96     1.1          1.0          1      417.57   416.647  351.9862699 8.7789889   12.6302  7.0E-4      14784       0.0        0.04743724  0.03       8869.913  0.091       47.0        "    29.134     92.120" 3.68        26.593  24.184  0.0219     0.0204     0.9715888706875113 
  HCG96b      352.025  8.76858    96     0.62         0.47         1      237.722  234.444  352.024697  8.7685189   13.0823  8.0E-4      8701        0.0        0.03333855  0.03       5849.204  0.21        -53.1       "    14.739     65.137" 3.82        18.937  14.959  0.0209     0.0164     1.1002619088565475 
  HCG96c      351.995  8.78281    96     0.41         0.29         1      157.346  154.838  351.9947946 8.7827371   14.2537  0.0012      2555        0.0        0.02226358  0.03       2072.133  0.308       -41.9       "     7.718     32.740" 3.44        11.142  7.708   0.0196     0.0147     0.7764656608281507 
  HCG96d      352.001  8.76733    96     0.22         0.12         1      88.518   84.682   352.0004415 8.76746     16.1043  0.0042      607         0.0        0.008027192 0.03       361.6413  0.463       -88.7       "     6.876     22.999" 4.23        7.146   3.837   0.0307     0.0159     2.0414742335932283 
  HCG97a      356.846  -2.30067   97     1.7          1.1          45     645.634  644.845  356.8458201 -2.300577   12.3111  7.0E-4      7895        0.0        0.1344429   0.03       11900.65  0.314       62.7        "    36.979    111.193" 5.83        22.524  15.443  0.0155     0.0104     0.7285963996386297 
  HCG97b      356.908  -2.31667   97     1.06         0.12         45     405.268  402.308  356.9076403 -2.3166361  14.0834  0.0018      4015        0.0        0.01420414  0.03       2326.202  0.818       49.1        "    24.641     68.313" 4.06        32.631  5.928   0.052      0.0112     1.2996044488532976 
  HCG97c      356.849  -2.35125   97     0.78         0.49         1      293.398  295.109  356.8492314 -2.351293   13.3354  0.001       6160        0.0        0.03519358  0.03       4632.57   0.383       -52.6       "    16.011     63.565" 4.08        19.126  11.809  0.024      0.0142     0.8466112846424791 
  HCG97e      356.833  -2.28067   97     0.39         0.33         5      149.509  146.926  356.8328339 -2.2807881  14.825   0.0024      1500        0.0        0.03684213  0.03       1174.939  0.231       -4.4        "     7.558     33.770" 4.54        8.455   6.503   0.0238     0.0193     0.7333150248850502 
  HCG99a      0.158083 28.3846    99     1.1          0.4          1      416.695  415.702  0.1581211   28.3844572  13.0622  8.0E-4      6994        0.0        0.03612345  0.03       5514.735  0.582       -89.2       "    21.815     72.915" 3.78        26.419  11.039  0.0252     0.0115     0.5280525976162049 
  HCG99b      0.195667 28.402     99     1.0          0.9          35     379.512  378.994  0.195603    28.4019993  12.8588  9.0E-4      11096       0.0        0.06652637  0.03       6932.993  0.145       -60.0       "    21.557     85.126" 4.12        22.32   19.077  0.0238     0.0197     0.20268287299579174
  HCG99c      0.183333 28.4014    99     0.8          0.4          2      301.318  303.742  0.1836058   28.4014266  13.6537  0.0017      6238        0.0        0.04582427  0.03       3173.884  0.318       4.2         "    26.020     76.850" 4.44        21.793  14.858  0.0301     0.0231     0.8691650192199502 
  HCG99d      0.187875 28.3717    99     0.72         0.46         19     272.188  273.204  0.1879765   28.3717224  15.4382  0.0035      1246        0.0        0.005739054 0.13       667.9395  0.417       72.4        "     9.212     32.412" 4.25        9.601   5.599   0.0323     0.0201     0.3314680618533152 
  HCG99e      0.176708 28.369     99     0.38         0.3          9      144.393  144.223  0.1766589   28.3690245  15.9454  0.0031      574         0.0        0.005089521 0.1        418.6361  0.298       12.4        "     4.608     17.425" 3.83        5.411   3.797   0.0216     0.0158     0.17880011978948804
  HCG100a     0.333208 13.1112    100    1.0          0.6          33     378.148  379.487  0.3333042   13.1112536  12.5608  7.0E-4      8895        0.0        0.03289213  0.03       9455.151  0.461       -8.9        "    17.739     67.986" 3.52        23.972  12.931  0.022      0.0117     0.38858645713085155
  HCG100b     0.3585   13.113     100    0.58         0.52         12     215.844  216.061  0.3589694   13.1125667  14.1737  0.0032      3089        0.0        0.0213666   0.0        2140.486  0.326       48.7        "    19.921     66.104" 4.97        16.189  10.914  0.0417     0.027      2.267556177973036  
  HCG100c     0.30575  13.1441    100    0.9          0.5          28     340.92   340.432  0.305759    13.1440375  14.6455  0.0041      2052        0.0        0.01282851  0.03       1386.178  0.601       -18.4       "    19.298     58.346" 5.15        17.042  6.805   0.0589     0.0243     0.22720139950601626
  HCG100d     0.312375 13.1126    100    0.53         0.2          13     195.15   205.978  0.3130358   13.1131476  15.4306  0.0072      1005        0.0        0.01456281  0.0        672.5956  0.703       -39.8       "    17.954     52.853" 5.67        14.934  4.441   0.0783     0.0242     3.042048259735367  
