# objectHCG   ra_deg   dec_deg    groupNumber ANG_SIZE_MAJ ANG_SIZE_MIN NUMBER X_IMAGE  Y_IMAGE  ALPHA_SKY   DELTA_SKY   MAG_AUTO MAGERR_AUTO ISOAREA_IMAGE FWHM_IMAGE BACKGROUND  CLASS_STAR FLUX_BEST ELLIPTICITY THETA_IMAGE FLUX_RADIUS           KRON_RADIUS A_IMAGE B_IMAGE ERRA_IMAGE ERRB_IMAGE Separation          
  HCG01c      6.47671  25.7237    1      0.36         0.36         1      136.637  136.112  6.4766932   25.7236574  15.4569  0.002       2998        0.0        0.008452954 0.03       656.4875  0.088       37.3        "    11.499     49.256" 4.55        11.347  10.352  0.0264     0.0241     0.16275148503894102 
  HCG01d      6.49504  25.7252    1      0.28         0.16         7      106.387  107.336  6.4950538   25.725292   16.6062  0.0035      750         0.0        0.01479207  0.03       227.7754  0.465       -58.7       "     6.918     26.336" 4.58        7.537   4.029   0.0267     0.0143     0.33421032352410984 
  HCG06a      9.80746  -8.39431   6      0.48         0.24         4      182.758  182.144  9.8073757   -8.3942942  15.4997  0.0022      1592        0.0        0.008779618 0.03       631.1552  0.407       30.8        "     8.029     32.146" 4.14        9.928   5.885   0.0266     0.0159     0.3055693893462158  
  HCG06b      9.79258  -8.39711   6      0.71         0.29         5      269.174  269.471  9.7925607   -8.3970581  15.4033  0.0035      1690        0.0        0.01744208  0.03       689.7107  0.561       -21.6       "    19.616     55.724" 5.87        13.873  6.095   0.0418     0.0179     0.19908216285435332 
  HCG06c      9.79608  -8.39981   6      0.73         0.37         6      276.471  276.309  9.7961388   -8.399886   15.5588  0.0026      1281        0.0        0.01364127  0.03       515.4365  0.199       -61.9       "     9.579     35.778" 5.05        7.781   6.236   0.0204     0.0162     0.3445420058056855  
  HCG06d      9.78154  -8.401     6      0.3          0.16         4      112.91   114.484  9.7816612   -8.4009468  17.1736  0.0094      447         0.0        0.004596979 0.02       135.0685  0.516       -10.6       "     9.936     30.444" 5.76        7.298   3.534   0.0553     0.0269     0.47221972065236756 
  HCG07a      9.80596  0.864333   7      1.9          0.9          1      721.449  718.324  9.8058006   0.8641486   13.0478  5.0E-4      26528       0.0        0.03022887  0.03       6037.966  0.606       77.3        "    38.540    130.546" 3.67        49.982  19.711  0.0283     0.012      0.8774400124706555  
  HCG07b      9.82433  0.91275    7      1.2          0.8          1      454.993  455.06   9.8243308   0.9127565   13.4887  6.0E-4      20012       0.0        0.02797756  0.03       4078.02   0.336       -83.6       "    21.371    105.591" 3.92        32.209  21.394  0.0257     0.0171     0.023576519997398918
  HCG07c      9.89508  0.859889   7      1.75         1.15         1      661.995  664.619  9.8951906   0.8600671   13.2111  8.0E-4      37236       0.0        0.07155444  0.0        5194.475  0.239       58.0        "    63.486    186.175" 3.87        52.885  40.255  0.0332     0.0249     0.7547064458228093  
  HCG07d      9.82829  0.891917   7      0.95         0.76         2      360.066  360.361  9.8282827   0.8919567   14.2499  0.0016      12437       0.0        0.0272103   0.02       1629.606  0.098       28.0        "    45.626    143.540" 5.4         27.897  25.171  0.0407     0.0356     0.14531550999553197 
  HCG08a      12.3923  23.5783    8      0.9          0.7          23     344.292  342.58   12.3919049  23.5784738  14.5722  0.0017      3996        0.0        0.02643825  0.03       1482.944  0.336       48.5        "    33.742     86.575" 6.28        16.701  11.088  0.0273     0.0182     1.4459878149151266  
  HCG08b      12.3968  23.5916    8      0.3          0.1          1      114.29   113.619  12.3967651  23.591558   15.9688  0.0029      1386        0.0        0.009287377 0.03       409.6952  0.325       -89.2       "     9.238     36.002" 4.69        9.105   6.146   0.0275     0.0185     0.19004861615160515 
  HCG08c      12.3989  23.5841    8      0.2          0.2          1      75.183   76.637   12.398998   23.58417    15.7498  0.003       1850        0.0        0.02637388  0.03       461.9102  0.411       -26.0       "    11.371     40.984" 4.63        12.044  7.095   0.0382     0.0219     0.40993596704402124 
  HCG08d      12.4026  23.5734    8      0.52         0.44         11     197.497  196.877  12.4025403  23.5733865  15.5518  0.0022      1544        0.0        0.0177676   0.03       601.5701  0.357       26.9        "    18.170     50.635" 6.22        9.876   6.346   0.023      0.0141     0.20289134456750774 
  HCG10a      21.5907  34.703     10     3.0          1.1          145    1136.171 1138.509 21.590744   34.703221   13.0418  7.0E-4      21464       0.0        0.02926032  0.03       6071.455  0.705       -11.4       "    44.580    159.055" 4.39        59.221  17.45   0.0417     0.0111     0.8061868994933612  
  HCG10b      21.4183  34.7133    10     2.4          2.1          71     912.513  907.216  21.4178968  34.7130487  12.9752  3.0E-4      22224       0.0        0.04205576  0.03       6455.586  0.181       79.6        "    26.197    113.480" 4.33        28.792  23.58   0.0118     0.0094     1.4973633289340298  
  HCG10c      21.5788  34.7539    10     1.9          0.5          27     721.423  723.82   21.5786095  34.7543202  14.472   0.0014      6974        0.0        0.009210787 0.03       1626.295  0.586       -58.8       "    20.698    101.143" 4.35        28.689  11.87   0.0468     0.0144     1.6142509317618003  
  HCG10d      21.6287  34.6753    10     1.0          0.2          19     379.981  379.598  21.6285687  34.6753658  15.2909  0.0018      3554        0.0        1.554388E-6 0.0        764.9737  0.723       55.8        "    19.404     67.019" 3.59        25.115  6.945   0.044      0.0121     0.4552150084510792  
  HCG12a      21.8892  -4.683     12     0.76         0.53         1      287.911  288.108  21.8892099  -4.6829881  14.6223  0.0012      4985        0.0        0.01234635  0.03       1416.006  0.31        -67.0       "    13.211     57.426" 4.23        16.0    11.039  0.0246     0.0175     0.05565077341204376 
  HCG12b      21.8934  -4.65211   12     0.62         0.39         15     236.131  235.108  21.8932752  -4.6520981  16.1554  0.0026      1510        0.0        0.002337088 0.04       345.019   0.334       43.1        "     7.386     30.424" 3.84        9.368   6.243   0.0307     0.0207     0.4498443980416517  
  HCG12c      21.9059  -4.66119   12     0.4          0.18         5      152.748  151.572  21.9058174  -4.6612371  17.2052  0.0029      352         0.0        0.001528405 0.07       131.1912  0.54        -4.9        "     3.683     13.946" 3.57        5.173   2.379   0.0205     0.0098     0.34145224396789225 
  HCG12d      21.9048  -4.66875   12     0.48         0.28         9      180.609  182.332  21.9049535  -4.6687135  17.3233  0.0083      668         0.0        0.00325231  0.02       117.6777  0.553       -23.8       "    10.451     29.709" 4.88        9.557   4.274   0.0598     0.0263     0.5662240198224343  
  HCG12e      21.866   -4.67742   12     0.23         0.15         5      87.778   87.561   21.8659694  -4.6774133  17.606   0.0047      339         0.0        0.001306758 0.29       90.69476  0.433       64.3        "     3.624     15.552" 3.79        4.859   2.756   0.0297     0.0139     0.1124113180494389  
  HCG13a      23.0854  -7.85956   13     1.0          0.5          23     380.441  380.327  23.08524    -7.859414   14.9081  0.0023      5508        0.0        0.009328607 0.01       1088.374  0.604       18.5        "    27.080     86.153" 4.76        27.513  10.883  0.0473     0.0184     0.7757754147727112  
  HCG13b      23.093   -7.87319   13     0.66         0.6          10     251.042  249.841  23.0929399  -7.8732625  14.9533  0.0024      4578        0.0        0.01576554  0.03       1043.987  0.14        55.7        "    26.308     84.358" 5.45        16.54   14.22   0.0376     0.0322     0.33771922770816615 
  HCG13d      23.0798  -7.89606   13     0.23         0.16         2      88.334   87.347   23.0797074  -7.8960768  17.1082  0.0029      420         0.0        0.00153293  0.03       143.4522  0.321       -38.4       "     3.766     14.551" 3.74        4.588   3.116   0.0183     0.012      0.3356925074781519  
  HCG13e      23.1083  -7.86953   13     0.3          0.17         3      114.634  114.892  23.1082296  -7.8694319  17.1407  0.0058      596         0.0        0.008043047 0.03       139.2313  0.357       84.4        "     7.683     27.530" 4.99        6.702   4.309   0.035      0.022      0.43330095034456756 
  HCG15a      31.9712  2.16761    15     1.1          0.5          24     417.041  417.063  31.9711955  2.167617    14.2995  0.0011      8558        0.0        0.01886063  0.03       1906.348  0.463       40.0        "    19.507     80.986" 4.3         24.542  13.175  0.0315     0.017      0.029951703778034817
  HCG15b      31.8921  2.11519    15     0.8          0.7          1      303.177  302.867  31.8921355  2.1151203   14.4072  0.0012      7568        0.0        0.01628267  0.03       1726.245  0.106       -26.5       "    17.235     75.643" 4.54        17.62   15.746  0.0245     0.0219     0.2815518384841154  
  HCG15c      31.9158  2.14967    15     0.8          0.8          1      304.059  303.527  31.9157385  2.149673    14.3461  0.0011      7634        0.0        0.01631684  0.03       1826.298  0.08        36.3        "    16.892     72.294" 4.33        17.395  16.001  0.0226     0.0212     0.22150763320159583 
  HCG15d      31.9062  2.18069    15     0.9          0.8          17     339.981  341.203  31.9063121  2.1807123   14.6139  0.0016      6829        0.0        0.01638187  0.03       1277.733  0.144       -30.9       "    22.797     83.057" 4.81        18.682  15.995  0.0302     0.0264     0.4111809172510248  
  HCG15e      31.8553  2.11611    15     0.3          0.3          1      112.788  114.377  31.8554334  2.1161515   15.0619  0.0016      3650        0.0        0.009045413 0.03       944.5624  0.141       -39.0       "    14.931     55.877" 4.81        12.544  10.776  0.0214     0.0183     0.5026294483137309  
  HCG15f      31.9075  2.19039    15     0.56         0.33         9      212.761  211.018  31.9074713  2.190227    15.7777  0.0036      2833        0.0        0.01084891  0.01       425.1632  0.399       -84.8       "    20.905     61.822" 5.0         17.025  10.229  0.0471     0.0296     0.5958134520608717  
  HCG16a      32.3525  -10.1359   16     1.3          1.0          25     492.932  492.945  32.3524517  -10.1358511 12.76    4.0E-4      16855       0.0        0.04788955  0.03       7870.287  0.22        -85.0       "    22.566     88.669" 3.67        27.332  21.307  0.0151     0.0121     0.2455361057011112  
  HCG16b      32.3368  -10.1331   16     1.76         0.67         62     668.419  667.503  32.3366414  -10.1330446 13.3227  7.0E-4      13019       0.0        0.01873259  0.03       4639.436  0.552       -5.9        "    26.572     94.876" 3.71        33.877  15.176  0.0265     0.0122     0.596390027329261   
  HCG16c      32.4105  -10.1467   16     1.1          0.9          21     419.397  419.586  32.4102321  -10.1464155 13.3768  5.0E-4      10813       0.0        0.01985269  0.04       4459.454  0.247       -10.9       "    13.084     64.883" 3.61        20.416  15.368  0.0177     0.0133     1.3965183151246057  
  HCG17a      33.5213  13.3111    17     0.36         0.34         2      138.69   135.502  33.5210524  13.3109902  16.154   0.0041      1582        5.43       0.008839993 0.03       295.3626  0.074       -79.9       "    13.223     45.531" 5.03        9.375   8.679   0.0378     0.0342     0.953232339676641   
  HCG17b      33.516   13.3131    17     0.54         0.43         8      204.472  205.083  33.5160597  13.3131091  16.1543  0.0041      1467        5.37       0.008069014 0.03       272.4559  0.181       -44.5       "    15.324     47.431" 5.29        9.838   8.055   0.0416     0.0337     0.2116944766716459  
  HCG17c      33.5209  13.3173    17     0.27         0.2          1      102.378  102.167  33.5209137  13.3172634  16.6708  0.0053      828         6.66       0.006887274 0.03       165.3492  0.303       -39.7       "    11.655     35.874" 5.41        8.066   5.623   0.0433     0.0294     0.14022873588839788 
  HCG17d      33.5316  13.3066    17     0.18         0.18         4      68.213   68.301   33.5316324  13.3065781  18.0036  0.0084      251         4.83       0.002641635 0.32       62.88782  0.144       -0.9        "     4.542     16.973" 4.92        3.719   3.185   0.0303     0.026      0.1382024765694755  
  HCG17e      33.5175  13.3191    17     0.11         0.09         8      170.879  207.391  33.5174137  13.318898   18.4919  0.0123      138         4.7        0.007919846 0.21       40.10886  0.252       11.7        "     4.794     16.023" 5.86        3.144   2.351   0.0356     0.0252     0.7875400536774251  
  HCG21d      41.3732  -17.5423   21     0.9          0.8          14     341.485  341.281  41.373144   -17.5422691 14.067   0.0012      7323        9.02       0.01947032  0.03       2361.619  0.038       5.1         "    18.409     73.733" 4.33        17.371  16.706  0.0241     0.0228     0.22209145287299706 
  HCG21e      41.3435  -17.5332   21     0.9          0.6          1      341.444  341.245  41.3434488  -17.533173  14.486   0.0017      5782        7.93       0.00885731  0.03       1605.409  0.244       2.4         "    20.333     73.150" 4.31        18.541  14.01   0.03       0.0241     0.20084410467324146 
  HCG25a      50.1789  -1.10858   25     1.3          0.6          42     493.349  496.911  50.1788066  -1.1080948  14.3436  0.0011      10797       107.92     0.003888685 0.0        1830.505  0.594       58.2        "    31.451     92.481" 3.48        37.137  15.091  0.0384     0.0154     1.7787764884055715  
  HCG25b      50.1892  -1.04469   25     0.97         0.64         1      366.916  366.624  50.1892643  -1.0447864  14.393   0.0012      8189        10.23      0.0165003   0.03       1748.974  0.412       83.8        "    23.702     84.502" 4.4         24.704  14.52   0.0289     0.0188     0.4171353959193481  
  HCG25d      50.1606  -1.03503   25     0.16         0.11         1      60.501   61.18    50.160655   -1.0350102  15.8322  0.0018      1140        5.28       0.004242218 0.03       464.6625  0.336       20.9        "     6.685     23.171" 3.56        7.738   5.137   0.0185     0.0127     0.2104092357316799  
  HCG26e      50.463   -13.6633   26     0.35         0.12         3      133.525  131.659  50.4629406  -13.6634476 17.5724  0.0056      657         28.87      1.47661E-4  0.0        93.54877  0.638       -42.2       "     9.186     28.629" 3.92        10.201  3.69    0.0462     0.0169     0.570543133569684   
  HCG26f      50.4898  -13.6629   26     0.18         0.12         1      69.334   68.057   50.4897056  -13.6629487 18.2184  0.0081      220         6.85       0.001898846 0.03       51.59914  0.219       14.0        "     4.258     14.824" 4.53        3.679   2.872   0.0269     0.0219     0.37387766457123683 
  HCG31q      75.4098  -4.22244   31     0.306        0.24         1      116.131  115.067  75.4097855  -4.2225427  16.2983  0.0039      1421        17.63      0.006079456 0.02       302.4718  0.225       -43.0       "    12.694     42.321" 5.09        9.549   7.397   0.0305     0.0256     0.37336703944596994 
  LEDA3080767 75.5232  -4.50031   31     0.9          0.6          19     343.149  338.132  75.5229628  -4.5006255  14.8426  0.0022      5493        60.14      0.003515624 0.0        1156.058  0.506       -69.9       "    25.369     76.933" 3.9         25.385  12.545  0.0473     0.0229     1.4194123330261     
  HCG35a      131.339  44.5206    35     0.17         0.13         1      67.948   64.413   131.338468  44.5205904  15.797   0.0031      1103        8.46       0.01601657  0.03       479.9737  0.677       63.4        "     9.132     31.501" 4.49        11.959  3.868   0.0353     0.0126     1.3659719130893324  
  HCG35b      131.336  44.5089    35     0.53         0.46         12     201.639  201.743  131.3359015 44.5089817  15.1916  0.0027      2642        7.18       0.01247588  0.03       838.2556  0.121       52.0        "    15.177     54.604" 4.95        11.832  10.397  0.0325     0.0287     0.3878850070304287  
  HCG35c      131.327  44.5277    35     0.35         0.3          6      134.685  132.676  131.32674   44.5276644  15.7424  0.0029      1414        5.69       0.01220637  0.03       504.7277  0.059       -73.8       "     8.406     34.775" 4.6         7.788   7.331   0.0256     0.0242     0.6794812406399205  
  HCG35d      131.336  44.5397    35     0.51         0.19         3      191.667  193.332  131.336283  44.5396815  16.5492  0.0052      872         17.8       0.005028992 0.02       240.052   0.666       12.3        "    10.048     33.164" 4.49        11.596  3.87    0.0531     0.0173     0.7292124160882907  
  HCG35e      131.336  44.5033    35     0.24         0.14         3      88.27    91.444   131.336421  44.5033488  17.2328  0.0056      310         4.79       0.007983491 0.13       127.907   0.358       23.6        "     4.141     16.767" 4.64        4.48    2.877   0.0277     0.0173     1.0951238976584643  
  HCG35f      131.337  44.5332    35     0.14         0.12         2      53.795   53.652   131.3369544 44.5332167  17.9924  0.0128      196         5.89       0.009081851 0.03       63.53909  0.213       -22.3       "     5.250     17.305" 5.28        3.756   2.955   0.0404     0.0313     0.13156066406250946 
  HCG37b      138.388  30.0001    37     1.88         0.28         1      715.869  711.88   138.3875721 30.0000318  14.4318  0.0013      9506        74.87      0.01063289  0.0        1632.833  0.851       -14.7       "    35.924    106.858" 4.38        56.981  8.497   0.0614     0.0094     1.3564638778296076  
  HCG37d      138.391  30.0158    37     0.4          0.32         4      151.033  137.812  138.3911228 30.0142393  16.1394  0.0027      1097        18.82      0.0101603   0.03       350.1333  0.19        1.1         "    14.244     43.975" 5.68        8.569   6.942   0.0173     0.0144     5.631544962116632   
  HCG37e      138.392  30.0398    37     0.36         0.35         6      138.547  136.468  138.3917399 30.0397965  16.4321  0.0029      1537        8.11       0.003843803 0.03       267.3872  0.049       -28.5       "     9.810     35.794" 4.42        8.32    7.908   0.025      0.0234     0.8106840719097195  
  HCG39a      142.365  -1.34578   39     0.35         0.27         1      129.81   132.308  142.365351  -1.3458561  16.7231  0.0045      1136        11.38      0.002446207 0.03       183.3615  0.467       62.3        "    11.270     38.905" 4.79        10.504  5.595   0.039      0.0219     1.2926168276191397  
  HCG39b      142.369  -1.34942   39     0.26         0.19         3      101.481  98.478   142.368672  -1.3494224  16.9977  0.0037      920         5.49       0.001904786 0.03       154.7991  0.112       -81.4       "     6.693     26.702" 4.17        6.839   6.07    0.0287     0.0214     1.1805041446702744  
  HCG39c      142.372  -1.35253   39     0.26         0.18         1      95.03    98.474   142.3723818 -1.3525328  17.0516  0.0035      485         7.15       0.001279428 0.03       151.1345  0.233       49.7        "     7.386     24.976" 4.9         5.536   4.244   0.0157     0.0121     1.3741340253689978  
  HCG39d      142.363  -1.33953   39     0.23         0.16         4      87.053   87.779   142.3630492 -1.3394993  17.2527  0.004       519         6.46       0.002839637 0.03       125.5801  0.321       -49.5       "     5.161     19.489" 4.3         5.444   3.697   0.0237     0.0167     0.20873193590707212 
  HCG43a      152.833  -0.0229722 43     0.7          0.27         16     266.708  265.564  152.8328671 -0.0229651  15.4405  0.0017      2783        17.65      0.002018542 0.03       666.4923  0.659       -20.6       "    14.877     45.799" 3.75        19.322  6.597   0.0309     0.0125     0.4791222290736027  
  HCG43b      152.781  -0.0421944 43     1.01         0.18         26     379.646  383.198  152.781369  -0.0421726  15.7377  0.003       2395        33.81      0.002082107 0.01       506.8906  0.774       53.2        "    17.184     63.811" 4.12        25.152  5.677   0.0666     0.013      1.3307158652226636  
  HCG43c      152.803  -0.0675278 43     0.5          0.28         7      191.894  189.662  152.8027367 -0.06751    15.717   0.0016      1567        5.65       0.003207405 0.03       516.6406  0.516       81.1        "     6.702     28.227" 3.72        10.198  4.939   0.0226     0.0115     0.9500428900992737  
  HCG43d      152.804  -0.0871111 43     0.3          0.27         2      112.535  114.099  152.8041611 -0.0871002  16.8244  0.0037      904         10.5       0.001230223 0.03       186.3093  0.152       -44.7       "     8.417     25.915" 4.01        7.205   6.109   0.0262     0.0204     0.5812853015478309  
  HCG43e      152.81   -0.0513611 43     0.27         0.25         1      106.661  103.395  152.8095423 -0.0512626  16.8607  0.0058      861         6.87       0.003388452 0.03       180.1845  0.323       53.3        "     9.947     35.036" 4.94        8.646   5.851   0.0463     0.0299     1.6854436155014627  
  HCG44c      154.411  21.6882    44     2.16         1.1          20     820.1    818.609  154.4108106 21.688212   12.6198  5.0E-4      37418       104.55     0.1712013   0.03       8954.909  0.439       38.3        "    61.071    177.389" 3.95        57.5    32.282  0.0257     0.0144     0.6350427194918972  
  HCG45a      154.807  59.1311    45     1.21         0.39         31     455.15   457.225  154.8077181 59.1309597  15.1507  0.0026      5295        15.25      0.007921182 0.03       870.4118  0.687       -15.4       "    29.090     90.438" 4.92        30.902  9.68    0.0688     0.0211     1.4192964350075683  
  HCG45b      154.772  59.1055    45     0.55         0.31         13     207.996  208.644  154.7721079 59.1055158  16.2465  0.0036      1621        38.91      0.003299147 0.03       317.2614  0.297       -89.2       "    12.233     43.965" 4.48        11.125  7.823   0.0371     0.0245     0.20740011564984456 
  HCG45c      154.782  59.0845    45     0.16         0.1          1      58.797   60.466   154.7824716 59.0844413  17.5522  0.0092      552         32.25      0.008851111 0.0        95.30879  0.789       38.1        "    11.032     30.808" 5.1         12.758  2.696   0.0874     0.0174     0.897497460326529   
  HCG45d      154.818  59.1376    45     0.28         0.17         3      109.148  106.021  154.8174321 59.1375473  17.0716  0.0047      532         5.46       0.007242798 0.03       148.372   0.248       43.7        "     7.181     25.105" 5.45        5.349   4.022   0.0247     0.0185     1.0657757104302803  
  HCG46a      155.53   17.8381    46     0.36         0.27         1      139.458  136.517  155.5296582 17.8381019  15.6091  0.0029      2315        6.75       0.005945897 0.03       570.6238  0.247       -43.9       "    15.169     53.271" 5.01        12.022  9.047   0.0344     0.0252     1.1713457509731802  
  HCG46b      155.554  17.8538    46     0.32         0.26         1      124.735  121.118  155.5536262 17.8537579  15.6258  0.0029      2414        5.38       0.007196791 0.03       521.1669  0.179       5.9         "    14.127     51.935" 4.7         11.862  9.737   0.0319     0.0256     1.289810328539134   
  HCG46c      155.553  17.8595    46     0.26         0.23         1      102.481  99.73    155.5525399 17.8596352  15.5724  0.0022      2213        5.47       0.01165017  0.03       555.7081  0.067       -68.6       "    10.443     41.698" 4.39        9.819   9.161   0.0256     0.0242     1.6499637305783699  
  HCG46d      155.572  17.8819    46     0.42         0.25         1      162.555  158.802  155.5716468 17.8818232  15.8328  0.0025      1803        5.12       0.003146836 0.03       464.4005  0.394       76.9        "    10.767     38.381" 4.23        11.24   6.812   0.0278     0.0179     1.2412779875933888  
  HCG47a      156.443  13.7169    47     1.12         0.59         22     426.114  423.022  156.4428173 13.7167374  14.2151  0.0011      9272        29.85      0.01108294  0.03       2060.476  0.45        -74.7       "    29.191     92.564" 4.05        30.081  16.533  0.032      0.0159     0.8665553480856509  
  HCG47b      156.452  13.7279    47     0.61         0.54         8      226.797  231.74   156.4525325 13.7279263  15.1666  0.0014      1828        5.85       0.01007954  0.03       857.7734  0.111       10.8        "    13.050     43.930" 5.16        9.049   8.041   0.0119     0.0105     1.8646435637676182  
  HCG47c      156.454  13.7532    47     0.4          0.33         4      151.112  152.018  156.4541006 13.753202   16.1458  0.0036      1908        8.26       0.007796096 0.03       324.1543  0.296       -34.2       "    13.477     44.782" 4.64        11.874  8.36    0.0363     0.0261     0.35185010976984554 
  HCG49a      164.174  67.1849    49     0.48         0.44         6      184.398  180.758  164.1733198 67.1847634  15.8499  0.0025      1858        14.4       0.002167507 0.03       452.3668  0.491       -37.1       "    11.707     37.606" 3.99        12.867  6.544   0.0315     0.0176     1.0693017119703045  
  HCG49b      164.163  67.1803    49     0.46         0.21         8      172.712  173.761  164.1635071 67.1802187  16.3649  0.0025      829         19.22      0.003561717 0.03       280.5137  0.564       -11.4       "     7.140     23.320" 3.95        8.727   3.809   0.0242     0.0112     0.7661224618584822  
  HCG49c      164.153  67.1812    49     0.34         0.26         6      126.588  130.618  164.153684  67.1813779  17.0073  0.0062      698         16.56      0.001884847 0.01       138.9613  0.264       11.1        "     9.124     30.278" 4.93        7.266   5.347   0.0357     0.0267     1.1498309912359468  
  HCG49d      164.14   67.178     49     0.34         0.22         7      127.422  129.426  164.1404476 67.1780468  16.9925  0.0034      481         6.93       0.001721326 0.03       159.592   0.413       -29.3       "     4.198     17.743" 3.97        5.529   3.248   0.0243     0.0134     0.6473071568697119  
  HCG50a      169.277  54.9171    50     0.2          0.19         1      76.998   76.678   169.276809  54.9171746  17.5043  0.0097      434         7.48       0.00418196  0.02       99.60457  0.132       -18.4       "    11.751     32.809" 6.17        5.679   4.928   0.0486     0.0422     0.47781976419540617 
  HCG50b      169.285  54.9174    50     0.27         0.15         7      104.511  102.949  169.284615  54.9174494  18.0308  0.0108      287         6.9        0.001899707 0.03       61.32997  0.599       -33.8       "     7.460     23.243" 5.51        6.418   2.571   0.0561     0.0224     0.8162220033451189  
  HCG50c      169.267  54.9209    50     0.19         0.17         3      72.799   72.076   169.2668471 54.9209083  18.4308  0.0164      224         9.72       0.005362874 0.0        42.43159  0.14        -88.8       "     8.036     23.074" 5.85        4.32    3.714   0.0552     0.0482     0.31774958633083944 
  HCG50d      169.277  54.9237    50     0.24         0.14         8      89.851   90.415   169.2772199 54.9236356  18.6141  0.0156      189         13.98      0.003526911 0.01       35.83977  0.616       -38.6       "     6.121     20.638" 5.14        5.613   2.155   0.0676     0.0239     0.5105983778101524  
  HCG50e      169.286  54.9206    50     0.14         0.1          5      47.964   50.253   169.2870596 54.9202428  19.2316  0.0202      99          5.98       0.005019228 0.04       20.29334  0.248       9.6         "     3.759     12.047" 5.12        2.797   2.102   0.0435     0.0307     2.541590026783727   
  HCG51b      170.559  24.3001    51     0.8          0.6          1      301.623  302.799  170.5592266 24.3000229  14.8291  0.0018      6780        12.38      0.006317832 0.03       1170.519  0.439       90.0        "    25.598     85.749" 4.42        24.853  13.933  0.0363     0.0194     0.7936062949696655  
  HCG51c      170.625  24.2793    51     0.9          0.6          2      338.838  341.254  170.6252609 24.279328   14.0255  0.0011      12148       7.53       0.02478497  0.03       2453.565  0.41        -13.7       "    27.225    108.182" 4.71        29.477  17.38   0.0345     0.0208     0.8620792850880143  
  HCG51e      170.555  24.3172    51     0.3          0.3          1      111.834  113.687  170.5552615 24.3171656  15.1495  0.0011      2951        8.6        0.007315319 0.03       871.3273  0.083       60.1        "     8.733     36.624" 3.78        10.085  9.243   0.0173     0.0152     0.8667712652130953  
  HCG51g      170.617  24.2954    51     0.23         0.19         5      85.681   87.666   170.6172196 24.2954182  16.45    0.0033      651         3.79       0.03342853  0.89       259.537   0.111       79.3        "     4.100     19.366" 4.09        5.04    4.482   0.0235     0.02       0.7235178118933242  
  HCG53a      172.21   20.795     53     2.28         0.71         40     861.341  863.511  172.2103129 20.7949462  13.4293  8.0E-4      22688       17.59      0.009558382 0.03       4249.1    0.704       1.7         "    51.693    161.001" 3.76        63.116  18.712  0.0453     0.0139     1.0707229197962724  
  HCG53b      172.249  20.7391    53     0.82         0.48         12     307.521  311.586  172.2494092 20.7391644  14.5968  9.0E-4      5736        6.84       0.01165515  0.03       1449.67   0.444       26.9        "    12.043     54.521" 3.78        18.498  10.28   0.0248     0.0125     1.3970367230939398  
  HCG53c      172.244  20.7497    53     0.7          0.5          14     267.545  266.132  172.2437594 20.7497695  14.8958  0.0012      4934        36.83      0.006196592 0.03       1100.737  0.26        24.5        "    17.086     57.698" 3.8         17.319  12.823  0.0229     0.0148     0.8477408905218874  
  HCG53d      172.311  20.7731    53     0.49         0.27         10     185.125  186.437  172.3111029 20.773148   16.2723  0.0031      1636        29.33      0.002819553 0.02       309.8118  0.611       0.0         "    12.907     43.987" 4.32        14.391  5.601   0.0422     0.0173     0.38707110947876094 
  HCG56a      173.195  52.9409    56     1.15         0.19         13     438.887  437.321  173.1944731 52.9410453  15.7843  0.0035      1969        63.02      0.002073349 0.0        485.5847  0.844       83.4        "    20.708     67.863" 4.04        26.57   4.148   0.0764     0.0121     1.2571022229539583  
  HCG56b      173.168  52.9504    56     0.65         0.36         6      247.015  246.856  173.167906  52.9504392  14.6632  0.001       2885        9.19       0.006071788 0.03       1432.062  0.722       -33.0       "     8.280     42.510" 3.32        18.857  5.241   0.0254     0.0083     0.2479620297229683  
  HCG56c      173.153  52.9477    56     0.74         0.56         8      280.145  280.319  173.1530648 52.9476801  15.1456  0.0019      2498        4.85       0.009724443 0.03       818.3691  0.15        -42.7       "    10.408     42.354" 4.16        11.015  9.36    0.0247     0.0205     0.157765043750464   
  HCG56d      173.147  52.9473    56     0.42         0.26         3      157.791  158.689  173.1473121 52.9472108  15.9947  0.0044      1192        15.95      0.01031132  0.03       324.8674  0.427       63.0        "    12.770     42.383" 4.84        11.623  6.662   0.0454     0.0267     0.749298646424224   
  HCG56e      173.137  52.9393    56     0.44         0.31         9      170.397  167.199  173.13638   52.9393219  16.084   0.0032      1086        8.68       0.004810175 0.03       368.4785  0.221       -89.0       "     7.701     29.936" 4.42        7.596   5.92    0.0275     0.0213     1.3474469691408006  
  HCG57b      174.432  22.0098    57     1.1          0.5          25     418.165  416.625  174.4318618 22.0097587  14.5126  0.0015      8248        10.65      0.00868313  0.03       1566.648  0.477       32.7        "    26.103     82.116" 4.16        28.002  14.642  0.0378     0.0181     0.4846309627732362  
  HCG57c      174.465  21.9743    57     0.8          0.7          1      302.219  302.785  174.465152  21.9742214  14.5629  0.0014      7021        11.51      0.02066671  0.03       1405.839  0.326       61.2        "    19.650     79.187" 4.47        20.988  14.155  0.0336     0.022      0.5810067645233433  
  HCG57d      174.479  21.9855    57     0.4          0.3          2      153.134  152.685  174.4788655 21.9855753  14.9681  0.0016      3636        79.78      0.01456598  0.03       936.2575  0.094       84.5        "    19.148     58.808" 4.22        14.666  13.294  0.0203     0.0187     0.5244757032697741  
  HCG57e      174.454  22.0261    57     0.7          0.4          10     262.107  265.317  174.4544026 22.0260799  15.2982  0.0013      2522        7.31       0.005259753 0.03       759.8068  0.507       47.6        "     9.883     41.965" 3.99        13.467  6.638   0.024      0.0103     1.345522930947219   
  HCG57f      174.474  21.9365    57     0.69         0.4          13     258.158  261.566  174.4743963 21.9365072  15.2756  0.0019      3434        7.03       0.007748264 0.03       775.8323  0.429       -81.4       "    13.461     56.346" 4.61        15.426  8.805   0.033      0.0184     1.3236399429182741  
  HCG57g      174.435  22.0213    57     0.4          0.2          5      150.833  151.52   174.4351385 22.0212472  15.7129  0.0019      1844        6.9        0.008488534 0.03       518.5955  0.343       9.6         "     9.294     36.187" 4.28        10.247  6.735   0.0216     0.0148     0.4997818361183567  
  HCG57h      174.46   22.0126    57     0.33         0.28         8      122.183  124.854  174.4603935 22.0125289  16.6781  0.0047      1156        6.99       0.004511894 0.03       213.1894  0.283       -70.2       "    11.028     36.596" 4.71        9.055   6.497   0.0345     0.0274     1.3380422677413313  
  HCG58a      175.546  10.2778    58     1.4          0.8          46     527.638  529.409  175.5463199 10.27768    13.5729  7.0E-4      11598       11.35      0.01468305  0.03       3722.506  0.448       84.7        "    22.834     81.432" 3.74        27.666  15.279  0.0233     0.0134     1.2127153360879752  
  HCG58b      175.599  10.2641    58     1.68         0.96         1      638.239  637.912  175.5988056 10.2642554  13.3928  7.0E-4      16708       9.08       0.02290323  0.03       4394.069  0.31        60.2        "    21.741     93.590" 3.69        30.535  21.077  0.0284     0.0186     0.8872420449730648  
  HCG58c      175.471  10.3044    58     1.09         0.84         39     415.653  412.481  175.4707033 10.3043429  13.8588  9.0E-4      12257       11.83      0.01402346  0.03       2860.642  0.213       10.8        "    28.395     87.369" 3.64        26.775  21.083  0.0257     0.0209     1.0708082959807426  
  HCG58d      175.524  10.3511    58     0.91         0.73         1      341.072  345.379  175.5244392 10.3511417  14.3409  0.0012      7271        6.56       0.01346518  0.03       1835.083  0.198       60.3        "    18.617     72.748" 4.28        18.879  15.138  0.0262     0.0211     1.5626151610199013  
  HCG58e      175.52   10.3842    58     0.65         0.5          1      244.812  241.665  175.5201887 10.3836682  14.8888  0.0019      4882        44.49      0.003783241 0.0        1107.836  0.275       -66.1       "    23.291     68.035" 4.1         19.357  14.042  0.029      0.0214     2.027736932458864   
  HCG59a      177.115  12.7274    59     0.59         0.54         6      225.581  222.908  177.1147653 12.7273348  14.5148  0.0011      4855        14.52      0.008526634 0.03       1563.467  0.191       6.9         "    13.335     52.886" 3.98        14.592  11.805  0.02       0.0154     0.8569322613441733  
  HCG59b      177.084  12.7166    59     0.5          0.5          5      190.975  188.775  177.0838337 12.7165202  15.2156  0.002       3321        9.88       0.007168514 0.03       819.8932  0.111       -8.1        "    14.258     52.929" 4.42        12.629  11.228  0.0271     0.0239     0.6508301668164973  
  HCG59c      177.135  12.7053    59     0.9          0.29         16     337.952  340.729  177.1353437 12.7052702  15.8216  0.0033      2688        41.06      8.996372E-4 0.0        469.189   0.699       -1.6        "    19.828     73.786" 3.98        22.649  6.817   0.0636     0.019      1.211781439507623   
  HCG60a      180.78   51.6752    60     0.58         0.45         1      222.074  219.6    180.7796321 51.675156   15.2267  0.0023      3965        7.51       0.01108595  0.03       691.8066  0.271       -21.2       "    20.392     70.596" 5.11        15.964  11.634  0.0356     0.0261     0.8364456093454149  
  HCG60b      180.736  51.695     60     0.38         0.21         6      143.875  147.543  180.7360223 51.6953898  16.4228  0.0043      1472        21.13      0.001927517 0.0        269.7094  0.364       32.6        "    13.246     42.986" 4.88        11.145  7.088   0.0394     0.0248     1.404162002716477   
  HCG60c      180.779  51.6854    60     0.37         0.26         1      141.017  139.739  180.7789083 51.6853163  16.454   0.0054      1507        20.08      0.005803694 0.0        262.049   0.414       -87.4       "    17.159     55.396" 5.32        12.897  7.563   0.0518     0.0303     0.3642562151923853  
  HCG60d      180.79   51.6782    60     0.34         0.28         4      128.827  128.754  180.7900307 51.678173   16.5314  0.0041      1205        4.85       0.007334354 0.03       216.1528  0.155       8.0         "    10.085     36.224" 4.8         8.192   6.919   0.0331     0.0288     0.11892996769977407 
  HCG66a      204.659  57.3123    66     0.45         0.39         4      168.051  170.416  204.6594988 57.3122908  15.3311  0.0026      2589        6.83       0.00985067  0.03       641.8764  0.179       25.4        "    14.993     53.283" 4.91        11.942  9.808   0.0313     0.0266     0.9703398417087207  
  HCG66b      204.668  57.3125    66     0.49         0.27         7      184.73   185.593  204.6682587 57.3124552  16.3291  0.005       1128        10.44      0.007159571 0.03       242.2529  0.406       66.6        "    12.788     41.339" 5.14        10.186  6.052   0.0441     0.0253     0.5281912197000046  
  HCG66c      204.646  57.3082    66     0.32         0.16         4      119.761  121.109  204.6463542 57.308157   16.7434  0.0037      574         7.9        0.007461562 0.03       200.7376  0.538       76.3        "     5.493     21.017" 4.36        6.954   3.214   0.0294     0.0128     0.7059005685125342  
  HCG66d      204.643  57.3043    66     0.17         0.12         5      62.353   64.727   204.6434373 57.3043249  17.7527  0.0067      231         5.44       0.009385555 0.03       79.23269  0.188       1.6         "     3.775     13.960" 4.45        3.46    2.81    0.0233     0.0184     0.8551012645560894  
  HCG68d      208.44   40.3387    68     1.12         0.72         22     425.845  424.369  208.4398059 40.3386856  13.8179  7.0E-4      10005       8.53       0.01709073  0.03       2970.579  0.334       -61.2       "    18.772     75.596" 3.95        22.805  15.193  0.0219     0.0137     0.5351336573500796  
  HCG68e      208.502  40.2773    68     1.24         0.49         18     471.724  470.064  208.5017514 40.2773071  14.2985  8.0E-4      6535        9.86       0.008230736 0.03       1908.138  0.627       49.5        "    15.474     67.030" 3.74        24.633  9.183   0.0284     0.0103     0.683265143167612   
  HCG69b      208.893  25.0498    69     0.59         0.38         11     221.647  223.406  208.893225  25.0497896  15.418   0.0014      2753        7.27       0.001924691 0.03       680.4587  0.34        -22.4       "    11.252     37.432" 3.45        12.585  8.31    0.0224     0.0143     0.7347660225441656  
  HCG69c      208.886  25.0744    69     0.45         0.37         7      173.728  170.823  208.885608  25.0744355  15.5708  0.0014      1629        6.96       0.007564547 0.03       591.1287  0.316       17.0        "     7.886     32.163" 4.47        8.709   5.953   0.0145     0.0103     1.284578929826398   
  HCG69d      208.868  25.0736    69     0.11         0.09         62     645.401  597.441  208.8683041 25.0735834  16.5719  0.0027      813         7.15       0.007833356 0.03       215.191   0.494       -39.2       "     7.303     25.332" 4.06        8.365   4.231   0.0253     0.0131     0.9933935720366375  
  HCG70d      211.041  33.346     70     0.48         0.4          6      180.953  182.303  211.0411379 33.3460333  15.6146  0.0019      2692        17.55      0.00257156  0.03       567.7311  0.246       -3.2        "    12.547     45.365" 3.92        12.919  9.739   0.0273     0.0188     0.4316884417058596  
  HCG70e      211.024  33.3207    70     0.4          0.4          1      148.46   152.082  211.024466  33.320709   15.7917  0.002       2565        15.53      0.002574237 0.03       482.325   0.14        -81.1       "    11.863     38.198" 3.65        11.312  9.726   0.0248     0.0218     1.4021918873033292  
  HCG70f      211.018  33.3292    70     0.26         0.21         1      100.468  98.548   211.017741  33.3292053  16.818   0.0048      1294        24.29      8.51755E-4  0.0        187.4191  0.221       -61.7       "    12.342     35.137" 3.92        10.005  7.799   0.0395     0.0286     0.7792793854955062  
  HCG70g      211.001  33.3317    70     0.24         0.21         1      94.584   91.863   211.0005282 33.3317949  15.8868  0.0014      1533        6.34       0.002528782 0.03       441.8405  0.275       -77.0       "     5.264     26.702" 3.16        9.776   7.086   0.0295     0.0207     1.4596302997807467  
  HCG72a      221.972  19.0771    72     0.5          0.1          9      185.365  189.02   221.9724813 19.0770472  15.7361  0.0016      1753        0.0        0.00398606  0.03       507.6526  0.604       15.1        "     7.237     32.333" 3.78        12.13   4.798   0.0278     0.0112     1.6485159471161168  
  HCG72c      221.987  19.0451    72     0.6          0.2          9      229.779  227.385  221.9867348 19.0450874  15.6617  0.002       1403        0.0        0.01028984  0.03       543.6287  0.275       51.8        "    12.065     41.237" 5.38        8.79    6.377   0.0172     0.0123     0.9035998204368201  
  HCG74d      229.882  20.8836    74     0.33         0.26         5      121.902  125.164  229.8824236 20.8835631  16.3098  0.003       1333        0.0        0.004442661 0.03       299.2723  0.177       -35.0       "     8.649     33.046" 4.37        8.224   6.766   0.027      0.0221     1.4309595836354114  
  HCG74e      229.866  20.9089    74     0.2          0.13         5      104.751  255.503  229.8657422 20.9088502  17.8182  0.0067      336         0.0        0.00611326  0.03       74.59677  0.378       -17.7       "     5.144     18.356" 4.63        4.949   3.077   0.0311     0.0193     0.8853078365987561  
  HCG75c      230.412  21.177     75     0.35         0.23         1      136.04   132.854  230.4116414 21.176984   16.1375  0.0027      2168        0.0        0.003459094 0.03       350.745   0.253       74.9        "    12.132     43.044" 4.32        11.337  8.475   0.0312     0.0237     1.205157376321453   
  HCG75d      230.405  21.1815    75     0.33         0.18         12     125.511  125.888  230.4049987 21.1815427  16.3223  0.0027      1369        0.0        0.004570477 0.03       286.5723  0.508       24.9        "     9.798     35.108" 4.19        11.03   5.431   0.0311     0.0143     0.1537819278653889  
  HCG75e      230.392  21.179     75     0.4          0.18         2      151.252  152.249  230.3920883 21.1790274  16.3665  0.0026      1102        0.0        0.007057302 0.03       284.0622  0.55        -61.3       "     7.446     29.863" 4.23        9.713   4.369   0.0302     0.013      0.31239117907768393 
  HCG75f      230.374  21.1855    75     0.21         0.17         4      77.464   80.277   230.3742991 21.1855305  16.7347  0.0025      699         0.0        0.01652572  0.04       203.2965  0.358       19.5        "     4.466     18.960" 3.89        6.01    3.856   0.0216     0.0129     1.0099736157191797  
  HCG76a      232.948  7.30814    76     0.7          0.2          28     261.886  265.462  232.9484008 7.3081358   15.2892  0.0013      2620        0.0        0.002733818 0.03       766.1566  0.68        22.3        "    12.276     46.717" 3.81        17.43   5.571   0.0278     0.009      1.4312384669747358  
  HCG76c      232.903  7.31242    76     0.71         0.67         1      265.662  269.144  232.9033702 7.3124358   14.7437  0.0013      6292        0.0        0.01387003  0.03       1266.306  0.059       36.4        "    16.080     68.590" 4.42        15.969  15.028  0.025      0.0233     1.3231039948957564  
  HCG76d      232.926  7.28739    76     0.58         0.49         1      220.756  220.033  232.9259161 7.2873936   15.2092  0.0016      3811        0.0        0.006195441 0.03       824.726   0.234       -56.6       "    12.256     52.703" 4.08        14.53   11.131  0.0244     0.0211     0.29988041401203497 
  HCG76e      232.959  7.31161    76     0.27         0.25         1      100.966  102.677  232.9591701 7.3116294   16.6866  0.0035      1074        0.0        0.002737251 0.03       211.5287  0.218       -2.3        "     8.205     28.692" 4.21        7.718   6.037   0.0271     0.0227     0.6113827983930783  
  HCG76g      232.9    7.34975    76     1.2          0.21         70     453.955  454.994  232.9001159 7.3497493   16.8871  0.006       1115        0.0        0.003958399 0.0        175.8548  0.798       47.5        "    18.795     48.368" 4.93        19.773  3.986   0.0751     0.0165     0.4138195202943133  
  HCG81a      244.557  12.8029    81     0.4          0.15         5      152.88   152.663  244.5569008 12.802973   16.4573  0.0027      669         0.0        0.003239942 0.03       261.274   0.403       -72.9       "     8.078     27.976" 4.52        7.208   4.307   0.0161     0.0097     0.43627494825386026 
  HCG81b      244.559  12.7887    81     0.39         0.18         13     152.025  150.424  244.558546  12.7889667  16.2167  0.0025      930         0.0        0.00736515  0.03       326.0675  0.473       84.6        "     7.867     31.455" 5.15        7.944   4.188   0.0215     0.0107     1.8606996119277803  
  HCG82a      247.093  32.8493    82     0.9          0.7          19     339.135  341.407  247.0932442 32.8493448  14.1883  9.0E-4      7240        0.0        0.02036227  0.03       2111.99   0.278       -51.3       "    25.265     87.932" 5.24        19.498  14.083  0.0166     0.0121     0.7559533041385187  
  HCG82b      247.116  32.8464    82     0.81         0.57         2      305.276  306.953  247.1162258 32.8463948  14.7434  0.0013      7639        0.0        0.0105793   0.03       1266.586  0.229       -45.0       "    21.826     80.815" 4.5         20.488  15.797  0.0287     0.0204     0.6831794960095416  
  HCG82c      247.086  32.8106    82     0.84         0.32         26     315.763  322.603  247.0863583 32.8110513  15.6404  0.003       2182        0.0        0.003079153 0.0        460.6783  0.675       60.5        "    18.873     61.485" 4.56        20.547  6.675   0.052      0.0168     1.9531650201487114  
  HCG82d      247.07   32.8133    82     0.49         0.19         11     183.147  185.936  247.0703735 32.813293   16.312   0.0021      851         0.0        0.001984495 0.03       298.6769  0.62        39.7        "     5.319     23.754" 3.59        8.901   3.378   0.0269     0.0088     1.1303377331013307  
  HCG84a      251.095  77.8388    84     0.59         0.49         12     223.037  224.35   251.0952419 77.8388935  15.0839  0.002       2059        0.0        0.01335234  0.03       925.6253  0.272       -89.4       "    17.350     54.611" 5.6         11.261  8.198   0.0194     0.0143     0.3833465052054099  
  HCG84b      251.056  77.8586    84     0.48         0.21         8      181.708  182.246  251.0561528 77.8586271  16.1614  0.0027      1017        0.0        0.004806605 0.03       297.2355  0.519       31.7        "     8.705     32.440" 4.13        9.883   4.756   0.0312     0.015      0.15133867051121688 
  HCG84c      251.125  77.8303    84     0.5          0.25         14     190.043  189.113  251.1247168 77.8302574  16.1016  0.0038      1405        0.0        0.008030935 0.03       310.675   0.459       -63.9       "    12.635     41.308" 4.97        11.304  6.112   0.0393     0.0219     0.26402893445965125 
  HCG84d      251.01   77.8565    84     0.27         0.15         12     106.792  102.563  251.0077556 77.856507   17.0508  0.0033      432         0.0        0.006115399 0.03       151.2394  0.572       5.9         "     4.504     17.976" 3.71        6.268   2.68    0.0257     0.0104     1.6998683552805343  
  HCG84e      251.112  77.8381    84     0.15         0.15         2      56.606   57.767   251.1122059 77.8381844  17.0254  0.0109      311         0.0        0.02995756  0.01       102.0321  0.14        -70.1       "     9.898     26.742" 6.03        4.707   4.048   0.0464     0.0391     0.3416207074007516  
  HCG88a      313.148  -5.71114   88     1.77         0.65         70     672.219  670.173  313.147435  -5.7111749  13.6509  0.001       12673       0.0        0.01727495  0.03       3464.389  0.617       36.5        "    35.548    118.285" 3.96        40.703  15.582  0.0368     0.015      2.0277996451500577  
  HCG88b      313.124  -5.74611   88     1.22         0.9          89     462.372  461.662  313.1238058 -5.7462032  13.7127  0.0012      13770       0.0        0.02422143  0.03       3272.781  0.194       63.4        "    36.596    113.191" 4.03        30.508  24.592  0.033      0.0245     0.7722971518357487  
  HCG88c      313.108  -5.77231   88     0.98         0.84         43     367.741  373.148  313.1084156 -5.7721288  14.4042  0.0021      7787        0.0        0.01255161  0.05       1731.152  0.065       28.8        "    33.523    101.247" 4.64        22.513  21.061  0.0394     0.0349     1.6252302935482752  
  HCG88d      313.053  -5.79833   88     0.7          0.29         27     263.56   266.475  313.0532145 -5.7982228  15.4646  0.0033      2936        0.0        0.00405028  0.0        651.8581  0.795       -19.8       "    23.985     65.218" 4.57        28.888  5.92    0.071      0.0152     0.8597331718091177  
  HCG89a      320.004  -3.92214   89     0.9          0.6          42     339.606  341.817  320.0041537 -3.9220501  14.9335  0.0023      7045        0.0        0.004018896 0.02       1063.191  0.479       -36.2       "    32.040     88.319" 4.21        29.412  15.338  0.0477     0.0256     0.639901139978395   
  HCG89b      320.08   -3.89603   89     0.7          0.34         1      266.749  265.399  320.0798623 -3.8960411  15.5874  0.0029      3423        0.0        0.002409848 0.0        582.1569  0.528       54.5        "    21.112     68.543" 4.21        21.072  9.956   0.0464     0.0204     0.4961860753361655  
  HCG89c      320.035  -3.91761   89     0.48         0.29         1      183.22   181.432  320.0348655 -3.9176725  16.0142  0.0033      2209        0.0        0.002417149 0.0        392.9505  0.463       -87.6       "    15.559     54.115" 4.3         15.082  8.102   0.0422     0.0218     0.5328979625051432  
  HCG89d      320.033  -3.90836   89     0.27         0.17         4      100.968  104.718  320.033169  -3.908116   16.6655  0.004       941         0.0        0.001844563 0.01       215.6723  0.466       -14.6       "    10.789     30.947" 4.31        10.019  5.353   0.0286     0.0177     1.0677160406635267  
  HCG92e      338.966  33.9449    92     1.1          1.1          57     416.007  417.284  338.9661316 33.9449312  14.5235  0.0011      4649        0.0        0.02113698  0.03       1421.859  0.172       -8.7        "    14.201     56.443" 4.47        13.93   11.536  0.0183     0.0143     0.4087542016819529  
  HCG92f      339.085  33.985     92     0.7          0.6          28     265.957  267.04   339.0849393 33.9851694  15.7269  0.0033      3597        0.0        0.004097705 0.03       511.9477  0.139       -82.7       "    23.935     69.291" 4.78        15.576  13.416  0.0406     0.0346     0.6361884649727012  
  HCG93a      348.817  18.9618    93     1.4          1.2          1      531.081  526.656  348.8169324 18.9613772  12.9085  6.0E-4      31877       0.0        0.05350421  0.03       6864.333  0.078       55.4        "    42.513    163.300" 4.53        37.567  34.653  0.025      0.0233     1.539382539942525   
  HCG93b      348.822  19.0417    93     2.8          0.7          54     1062.806 1067.732 348.8217899 19.0424405  13.6173  0.0011      17537       0.0        0.01876738  0.0        3573.469  0.536       -66.8       "    41.049    157.707" 4.51        49.508  22.974  0.0471     0.0155     2.760013366151179   
  HCG93c      348.764  18.9734    93     1.1          0.5          23     412.863  415.623  348.7644812 18.9732486  14.1472  0.001       9203        0.0        0.01367179  0.03       2193.353  0.557       13.1        "    25.482     94.219" 4.32        29.716  13.152  0.03       0.0133     1.7264930166025727  
  HCG93d      348.888  19.0482    93     0.7          0.6          9      266.225  265.351  348.8879157 19.0481836  15.1938  0.0014      3570        0.0        0.004708991 0.03       836.5336  0.128       77.7        "    11.190     46.492" 4.1         12.149  10.594  0.0218     0.0191     0.2928753511986846  
  HCG94c      349.334  18.7349    94     0.67         0.29         19     251.298  252.846  349.3343139 18.7347731  15.6005  0.0019      2521        0.0        0.008447367 0.03       575.1823  0.583       74.6        "    11.985     47.122" 4.34        15.673  6.53    0.0315     0.0132     1.1635961291779124  
  HCG94e      349.314  18.7274    94     0.49         0.12         15     183.832  187.305  349.3142518 18.7275436  17.0562  0.0061      756         0.0        0.009710579 0.0        150.4919  0.744       -88.9       "    14.268     37.587" 5.66        12.893  3.302   0.0609     0.0167     1.002122155874296   
  HCG94f      349.327  18.7396    94     0.23         0.17         1      87.414   87.102   349.3270099 18.7395562  17.3129  0.005       501         0.0        0.008615912 0.4        118.8083  0.251       66.1        "     5.393     22.309" 4.96        5.229   3.914   0.0295     0.021      0.16125163671489484 
  HCG94g      349.333  18.7495    94     0.2          0.11         1      75.536   75.388   349.3330539 18.7494327  17.7332  0.0055      356         0.0        0.006099884 0.03       80.67365  0.509       -52.0       "     4.826     18.736" 4.41        5.647   2.773   0.0331     0.0149     0.3040740909447431  
  HCG95d      349.866  9.49436    95     0.74         0.15         16     280.961  282.256  349.8659486 9.4945531   16.5547  0.0037      1311        0.0        0.002147839 0.02       238.8417  0.816       56.8        "    14.372     45.760" 4.03        19.267  3.552   0.0646     0.0119     0.7187180175780994  
  HCG96a      351.986  8.77903    96     1.1          1.0          17     414.27   417.583  351.9866372 8.7790919   13.4682  8.0E-4      13747       0.0        0.02098569  0.03       4099.526  0.046       38.1        "    30.752     93.454" 3.65        26.389  25.177  0.0239     0.022      2.277970690866406   
  HCG96b      352.025  8.76858    96     0.62         0.47         1      237.676  234.436  352.0247021 8.768518    14.3972  0.0013      5187        0.0        0.01120728  0.03       1742.293  0.208       -53.1       "    14.413     59.383" 4.23        15.607  12.36   0.0241     0.019      1.0831518856354445  
  HCG96c      351.995  8.78281    96     0.41         0.29         4      157.325  155.235  351.9947968 8.7827809   15.5135  0.0018      1578        0.0        0.00827976  0.03       615.0397  0.288       -51.5       "     7.775     29.092" 3.83        8.905   6.34    0.0204     0.0152     0.7304932359948557  
  HCG96d      352.001  8.76733    96     0.22         0.12         1      88.467   84.14    352.0004471 8.7674004   16.7134  0.0037      588         0.0        0.002261792 0.03       206.3591  0.451       -89.9       "     6.361     21.720" 4.03        6.837   3.752   0.0263     0.0143     1.9834410814120311  
  HCG97a      356.846  -2.30067   97     1.7          1.1          24     645.728  644.687  356.8458097 -2.3005944  13.5807  8.0E-4      6773        0.0        0.04324412  0.03       3695.728  0.314       63.1        "    36.922    107.885" 5.97        21.243  14.582  0.0164     0.011      0.7366473814696292  
  HCG97b      356.908  -2.31667   97     1.06         0.12         1      405.553  401.894  356.9076088 -2.3166817  15.2324  0.0022      3789        0.0        0.005073527 0.02       807.3369  0.831       48.6        "    28.186     71.699" 4.28        34.467  5.827   0.0578     0.0121     1.407799177530259   
  HCG97c      356.849  -2.35125   97     0.78         0.49         34     293.484  295.23   356.8492219 -2.3512797  14.5105  0.0011      5755        0.0        0.01096865  0.03       1569.667  0.397       -52.2       "    15.594     61.645" 4.01        18.843  11.368  0.0256     0.0145     0.8052969385222721  
  HCG97e      356.833  -2.28067   97     0.39         0.33         9      149.619  146.972  356.8328218 -2.2807831  16.0593  0.0026      1310        0.0        0.0118297   0.03       376.9507  0.257       -5.8        "     7.487     32.376" 4.58        8.137   6.049   0.025      0.019      0.759391473284219   
  HCG99a      0.158083 28.3846    99     1.1          0.4          31     416.677  416.765  0.1581234   28.3845741  14.4925  0.001       5586        0.0        0.0105787   0.03       1413.451  0.573       -86.3       "    21.460     71.372" 3.81        24.437  10.427  0.0271     0.0124     0.15832277435428715 
  HCG99b      0.195667 28.402     99     1.0          0.9          26     379.419  379.161  0.1956147   28.4020177  14.2466  0.001       9025        0.0        0.01859178  0.03       1919.755  0.143       -53.6       "    19.955     78.217" 4.17        20.212  17.329  0.024      0.0202     0.17745213451686956 
  HCG99c      0.183333 28.4014    99     0.8          0.4          2      301.777  304.088  0.1835484   28.4014647  14.9955  0.002       5752        0.0        0.01102625  0.03       940.8228  0.353       6.3         "    25.494     73.796" 4.4         21.927  14.183  0.0342     0.0236     0.7207770787089866  
  HCG99d      0.187875 28.3717    99     0.72         0.46         15     272.31   273.038  0.1879613   28.3717042  16.7535  0.0037      1132        0.0        6.075401E-4 0.03       198.8824  0.422       71.5        "     8.725     30.216" 4.09        9.335   5.397   0.0345     0.0211     0.2737799997526647  
  HCG99e      0.176708 28.369     99     0.38         0.3          7      144.377  144.287  0.1766609   28.3690316  17.2143  0.0033      526         0.0        4.183408E-4 0.03       130.1021  0.317       13.4        "     4.663     17.251" 3.88        5.333   3.64    0.022      0.0158     0.18761935763542886 
  HCG100a     0.333208 13.1112    100    1.0          0.6          1      378.326  378.993  0.3332841   13.1111992  13.7431  6.0E-4      9138        0.0        0.008342776 0.03       3182.547  0.472       -9.0        "    16.641     65.497" 3.36        23.925  12.639  0.0196     0.0103     0.26683385621780664 
  HCG100b     0.3585   13.113     100    0.58         0.52         10     215.702  214.917  0.3589854   13.1124409  14.9662  0.0018      4154        0.0        0.005855014 0.03       1031.647  0.319       48.7        "    18.679     63.789" 4.25        17.335  11.798  0.0294     0.0183     2.6358275267569717  
  HCG100c     0.30575  13.1441    100    0.9          0.5          19     340.571  340.704  0.3057985   13.1440674  15.5477  0.0028      2926        0.0        0.002900803 0.03       603.8632  0.604       -18.3       "    18.786     59.988" 4.54        19.205  7.614   0.0472     0.0201     0.20659649118489376 
  HCG100d     0.312375 13.1126    100    0.53         0.2          10     195.398  205.986  0.3130077   13.1131484  16.3817  0.0045      1353        0.0        0.002274498 0.0        280.1108  0.715       -38.5       "    15.504     51.192" 4.75        16.285  4.645   0.0574     0.0176     2.96961358486855    
