# objectHCG   ra_deg   dec_deg    groupNumber ANG_SIZE_MAJ ANG_SIZE_MIN NUMBER X_IMAGE  Y_IMAGE  ALPHA_SKY   DELTA_SKY   MAG_AUTO MAGERR_AUTO ISOAREA_IMAGE FWHM_IMAGE BACKGROUND  CLASS_STAR FLUX_BEST ELLIPTICITY THETA_IMAGE FLUX_RADIUS           KRON_RADIUS A_IMAGE B_IMAGE ERRA_IMAGE ERRB_IMAGE Separation          
  HCG01c      6.47671  25.7237    1      0.36         0.36         2      136.738  135.914  6.4766809   25.7236356  14.5678  0.0015      4147        0.0        0.01478366  0.03       1488.932  0.069       29.4        "    11.715     52.854" 4.28        12.791  11.903  0.0238     0.0223     0.2503138085424371  
  HCG01d      6.49504  25.7252    1      0.28         0.16         8      106.337  107.241  6.4950599   25.7252816  15.8826  0.0029      741         0.0        0.02490576  0.03       443.5536  0.459       -58.4       "     6.166     23.493" 4.26        7.244   3.916   0.0232     0.0122     0.30076615530606526 
  HCG06a      9.80746  -8.39431   6      0.48         0.24         13     182.612  182.215  9.807392    -8.3942864  14.6194  0.0014      2316        0.0        0.01665254  0.03       1419.812  0.403       28.9        "     8.043     34.192" 3.91        11.159  6.666   0.0215     0.0134     0.25664782607906367 
  HCG06b      9.79258  -8.39711   6      0.71         0.29         7      268.066  269.755  9.7926838   -8.3970269  14.5354  0.002       2282        0.0        0.03010103  0.03       1534.052  0.57        -22.2       "    16.860     54.854" 5.32        14.945  6.428   0.0283     0.012      0.47555822933339703 
  HCG06c      9.79608  -8.39981   6      0.73         0.37         8      276.499  276.683  9.7961357   -8.3998448  14.6885  0.0016      1723        0.0        0.02486762  0.03       1188.11   0.228       -52.9       "     9.534     37.609" 4.8         8.756   6.757   0.0158     0.0118     0.23461741030511782 
  HCG06d      9.78154  -8.401     6      0.3          0.16         2      112.944  114.463  9.7816574   -8.400949   16.4591  0.0071      605         0.0        0.008677958 0.03       260.8251  0.47        -6.2        "     9.784     32.242" 5.5         7.779   4.125   0.0451     0.0244     0.4566407321455191  
  HCG07a      9.80596  0.864333   7      1.9          0.9          1      723.458  720.599  9.8055796   0.8643989   12.2826  3.0E-4      30716       0.0        0.05469031  0.03       12216.69  0.596       73.5        "    35.979    130.410" 3.45        53.001  21.416  0.0227     0.0099     1.38968411955443    
  HCG07b      9.82433  0.91275    7      1.2          0.8          1      455.193  454.695  9.8243088   0.9127164   12.7147  4.0E-4      25379       0.0        0.05295071  0.03       8514.256  0.323       -83.3       "    20.886    108.642" 3.71        34.617  23.449  0.0232     0.016      0.14301953003872178 
  HCG07c      9.89508  0.859889   7      1.75         1.15         1      661.832  664.274  9.8952085   0.8600292   12.6411  7.0E-4      38823       0.0        0.1218877   0.02       8781.151  0.242       56.9        "    61.581    182.410" 3.76        52.63   39.918  0.0304     0.0227     0.6846114472810457  
  HCG07d      9.82829  0.891917   7      0.95         0.76         2      360.162  360.69   9.8282721   0.8919929   13.627   0.0015      14959       0.0        0.04603986  0.02       2918.847  0.095       9.6         "    48.035    152.519" 5.26        30.423  27.525  0.0401     0.0352     0.2807340466101674  
  HCG08a      12.3923  23.5783    8      0.9          0.7          23     344.387  342.677  12.3918934  23.5784844  13.6597  0.0011      4837        0.0        0.05638994  0.03       3436.393  0.345       46.5        "    34.245     91.230" 6.06        18.298  11.986  0.0192     0.0126     1.496815315660045   
  HCG08b      12.3968  23.5916    8      0.3          0.1          1      114.119  113.79   12.3967857  23.5915769  15.035   0.0016      2332        0.0        0.0188162   0.03       969.2769  0.35        88.3        "     8.829     36.957" 4.01        11.207  7.289   0.0244     0.0155     0.09561009698739752 
  HCG08c      12.3989  23.5841    8      0.2          0.2          1      75.132   76.585   12.3990042  23.5841644  14.8464  0.0021      2491        0.0        0.05348239  0.03       1111.057  0.346       -25.7       "    10.761     40.672" 4.21        12.324  8.06    0.03       0.0202     0.41465609322055896 
  HCG08d      12.4026  23.5734    8      0.52         0.44         10     197.35   196.932  12.402558   23.5733925  14.6877  0.0015      1621        0.0        0.03672071  0.03       1333.252  0.36        26.5        "    16.915     49.669" 6.08        9.932   6.354   0.0161     0.0098     0.14118784849837868 
  HCG10a      21.5907  34.703     10     3.0          1.1          170    1136.246 1137.757 21.590734   34.7031383  12.2617  6.0E-4      20495       0.0        0.0573585   0.03       12454.48  0.693       -10.9       "    38.780    144.362" 4.28        54.065  16.603  0.0365     0.01       0.5079470708021598  
  HCG10b      21.4183  34.7133    10     2.4          2.1          31     912.848  907.026  21.417852   34.7130278  12.138   3.0E-4      24646       0.0        0.08949873  0.03       13957.82  0.196       81.6        "    25.504    113.829" 4.21        29.974  24.098  0.0113     0.0088     1.6485865226831486  
  HCG10c      21.5788  34.7539    10     1.9          0.5          34     721.687  723.907  21.5785741  34.7543298  13.6327  0.0012      6904        0.0        0.01270326  0.03       3523.063  0.58        -58.8       "    18.630     93.695" 4.13        27.418  11.511  0.0422     0.0129     1.6853833421221314  
  HCG10d      21.6287  34.6753    10     1.0          0.2          27     380.227  379.796  21.6285359  34.6753876  14.5374  0.0018      3415        0.0        0.004253997 0.02       1531.192  0.723       55.7        "    18.612     62.885" 3.76        24.163  6.699   0.0428     0.0119     0.5792124685925611  
  HCG12a      21.8892  -4.683     12     0.76         0.53         1      287.746  288.389  21.8892281  -4.6829572  13.7358  9.0E-4      6555        0.0        0.02296727  0.03       3204.04   0.33        -67.6       "    13.241     60.343" 4.01        17.937  12.018  0.0226     0.0153     0.18413522690215353 
  HCG12b      21.8934  -4.65211   12     0.62         0.39         15     235.951  235.139  21.893295   -4.6520947  15.2765  0.0018      1912        0.0        0.002870722 0.05       775.2015  0.339       42.9        "     7.129     30.225" 3.52        10.11   6.686   0.0261     0.0174     0.3807596420902036  
  HCG12c      21.9059  -4.66119   12     0.4          0.18         5      152.7    151.752  21.9058227  -4.6612173  16.3313  0.0021      427         0.0        0.002883446 0.36       293.4238  0.527       -5.1        "     3.679     14.232" 3.45        5.362   2.536   0.0175     0.0083     0.2942572372803579  
  HCG12d      21.9048  -4.66875   12     0.48         0.28         10     180.501  182.313  21.9049655  -4.6687156  16.4995  0.0062      816         0.0        0.005273594 0.02       251.2991  0.542       -25.0       "    10.086     30.610" 4.69        9.918   4.542   0.0478     0.0219     0.6065989029657213  
  HCG12e      21.866   -4.67742   12     0.23         0.15         7      87.635   87.604   21.8659851  -4.6774085  16.7654  0.0034      387         0.0        0.003076661 0.66       196.7158  0.441       65.2        "     3.512     15.187" 3.59        4.974   2.78    0.0243     0.0113     0.06761713378101113 
  HCG13a      23.0854  -7.85956   13     1.0          0.5          25     379.609  380.315  23.0853324  -7.8594153  14.0702  0.0017      5852        0.0        0.0169932   0.03       2354.685  0.615       18.5        "    24.998     79.337" 4.48        27.359  10.542  0.0397     0.0154     0.573998525257123   
  HCG13b      23.093   -7.87319   13     0.66         0.6          1      250.693  249.89   23.0929785  -7.8732571  14.1121  0.0019      5420        0.0        0.02985027  0.03       2265.505  0.152       53.9        "    24.074     82.263" 5.11        17.376  14.739  0.0335     0.0282     0.2534355602045203  
  HCG13d      23.0798  -7.89606   13     0.23         0.16         2      88.29    87.39    23.0797122  -7.8960721  16.2636  0.0023      471         0.0        0.0017465   0.18       312.3029  0.33        -38.2       "     3.487     13.931" 3.52        4.691   3.144   0.0169     0.0112     0.31609899084856585 
  HCG13e      23.1083  -7.86953   13     0.3          0.17         3      114.692  115.043  23.1082232  -7.8694152  16.3264  0.005       632         0.0        0.01654807  0.03       294.7529  0.346       84.2        "     7.343     26.421" 4.82        6.669   4.364   0.0316     0.0206     0.4957908496624702  
  HCG15a      31.9712  2.16761    15     1.1          0.5          26     417.139  417.043  31.9711847  2.1676147   13.4676  8.0E-4      9834        0.0        0.0360911   0.03       4101.475  0.476       40.1        "    17.916     78.903" 4.06        25.589  13.397  0.0287     0.0149     0.057582572988021066
  HCG15b      31.8921  2.11519    15     0.8          0.7          1      303.214  303.116  31.8921315  2.1151478   13.5939  0.001       9015        0.0        0.03330532  0.03       3651.348  0.119       -22.3       "    17.522     79.659" 4.42        19.127  16.855  0.0239     0.0207     0.18953028476206543 
  HCG15c      31.9158  2.14967    15     0.8          0.8          1      303.905  303.617  31.9157554  2.1496829   13.5525  9.0E-4      8843        0.0        0.03081361  0.03       3793.112  0.058       33.0        "    16.306     72.810" 4.18        17.978  16.929  0.0207     0.0201     0.16703267696039184 
  HCG15d      31.9062  2.18069    15     0.9          0.8          21     339.943  341.176  31.9063164  2.1807094   13.8472  0.0013      7774        0.0        0.03281616  0.03       2644.872  0.145       -31.5       "    21.574     83.308" 4.67        19.32   16.521  0.0282     0.0245     0.42452079451161207 
  HCG15e      31.8553  2.11611    15     0.3          0.3          1      112.7    114.425  31.8554431  2.1161567   14.276   0.0014      4299        0.0        0.0160557   0.03       1948.086  0.13        -31.9       "    14.831     57.617" 4.66        13.256  11.528  0.0205     0.0177     0.541564687562077   
  HCG15f      31.9075  2.19039    15     0.56         0.33         12     212.637  210.585  31.907485   2.1901794   15.2281  0.0038      2767        0.0        0.02141843  0.0        693.0748  0.376       -84.3       "    21.586     62.393" 5.09        16.505  10.304  0.0476     0.0316     0.7600778423038859  
  HCG16a      32.3525  -10.1359   16     1.3          1.0          1      492.349  492.545  32.3525168  -10.135895  12.0164  3.0E-4      21186       0.0        0.09123205  0.03       16099.08  0.216       -76.1       "    22.196     91.087" 3.48        29.198  22.878  0.0143     0.0104     0.06219764203181278 
  HCG16b      32.3368  -10.1331   16     1.76         0.67         6      668.046  667.12   32.3366832  -10.1330868 12.4914  4.0E-4      15241       0.0        0.04149063  0.03       10185.53  0.522       -6.1        "    23.285     89.438" 3.46        32.683  15.625  0.0181     0.0094     0.41664006218252597 
  HCG16c      32.4105  -10.1467   16     1.1          0.9          25     418.105  420.145  32.4103765  -10.146354  12.708   4.0E-4      13464       0.0        0.03454063  0.03       8256.804  0.225       -9.2        "    14.817     70.626" 3.56        22.367  17.334  0.0162     0.0126     1.3202476870445041  
  HCG17a      33.5213  13.3111    17     0.36         0.34         2      138.856  135.673  33.5210337  13.311009   15.1956  0.0026      2425        5.23       0.01909948  0.03       782.3303  0.149       -60.2       "    12.379     45.578" 4.33        11.253  9.58    0.032      0.0256     0.9887719564712815  
  HCG17b      33.516   13.3131    17     0.54         0.43         1      204.183  205.18   33.5160924  13.3131198  15.1337  0.0028      2399        5.25       0.01846286  0.03       742.3025  0.196       -55.6       "    15.918     52.091" 4.85        11.864  9.537   0.0361     0.0281     0.33145585387255966 
  HCG17c      33.5209  13.3173    17     0.27         0.2          1      102.372  101.985  33.5209144  13.3172433  15.6312  0.0037      1452        5.72       0.01613151  0.03       477.6502  0.216       -37.7       "    12.303     41.352" 4.79        9.76    7.651   0.0374     0.0301     0.2102612015096857  
  HCG17d      33.5316  13.3066    17     0.18         0.18         5      68.258   67.987   33.5316274  13.3065436  17.0232  0.0058      362         4.25       0.00894299  0.55       155.1375  0.138       -7.9        "     4.608     18.048" 4.57        4.234   3.648   0.0265     0.0226     0.22458775502127518 
  HCG17e      33.5175  13.3191    17     0.11         0.09         13     171.11   207.494  33.5173877  13.3189093  17.5194  0.0086      231         4.72       0.01703282  0.12       79.55535  0.194       15.2        "     4.762     17.276" 5.3         3.666   2.956   0.0316     0.0257     0.7912508451713102  
  HCG21d      41.3732  -17.5423   21     0.9          0.8          1      341.783  341.215  41.3731096  -17.5422764 13.22    8.0E-4      11218       7.26       0.03567991  0.03       5152.483  0.055       -0.3        "    18.307     78.123" 3.94        20.377  19.256  0.0205     0.0192     0.3217259707112067  
  HCG21e      41.3435  -17.5332   21     0.9          0.6          16     342.106  341.094  41.3433724  -17.5331896 13.7226  0.001       7547        5.88       0.01244492  0.03       3242.958  0.251       -0.8        "    18.022     69.123" 3.9         19.619  14.704  0.0234     0.0182     0.4396165096661399  
  HCG25a      50.1789  -1.10858   25     1.3          0.6          1      492.942  495.985  50.1788514  -1.1081966  13.8922  0.001       10949       71.72      0.007857627 0.01       2774.001  0.585       58.1        "    29.687     91.290" 3.59        35.651  14.786  0.0351     0.0144     1.3912807067842528  
  HCG25b      50.1892  -1.04469   25     0.97         0.64         1      366.895  367.2    50.1892666  -1.044723   13.5374  7.0E-4      11238       7.12       0.02781826  0.03       3846.188  0.401       80.0        "    19.822     79.611" 3.85        26.444  15.835  0.0227     0.0151     0.26754287159307144 
  HCG25d      50.1606  -1.03503   25     0.16         0.11         1      60.382   61.179   50.160668   -1.0350103  15.1119  0.0012      1417        5.1        0.007697251 0.03       902.1052  0.339       20.2        "     6.704     23.637" 3.45        8.166   5.401   0.0146     0.0102     0.2548276530300945  
  HCG26e      50.463   -13.6633   26     0.35         0.12         4      133.694  131.341  50.4629214  -13.6634825 17.1422  0.0059      668         26.13      8.766472E-5 0.0        139.0321  0.597       -41.8       "     8.953     31.740" 3.82        9.776   3.936   0.0474     0.0193     0.71221328859463    
  HCG26f      50.4898  -13.6629   26     0.18         0.12         1      69.522   68.129   50.4896843  -13.6629408 17.8004  0.0094      254         7.47       0.001823204 0.03       75.82738  0.236       24.0        "     4.756     17.442" 4.64        4.059   3.099   0.0333     0.0257     0.430561094451772   
  HCG31q      75.4098  -4.22244   31     0.306        0.24         1      116.246  114.681  75.4097729  -4.222585   15.9112  0.005       1245        17.68      0.007704174 0.0        432.0214  0.187       -42.3       "    13.731     43.996" 5.32        9.292   7.551   0.0366     0.0318     0.5309899745883195  
  LEDA3080767 75.5232  -4.50031   31     0.9          0.6          28     342.94   338.197  75.5229859  -4.5006183  14.3618  0.0018      6053        46.56      0.007030207 0.0        1799.995  0.476       -70.0       "    24.769     77.521" 3.92        24.937  13.079  0.0403     0.0208     1.3499062335478058  
  HCG35a      131.339  44.5206    35     0.17         0.13         1      67.796   64.411   131.3384915 44.5205902  14.8955  0.0017      1743        6.88       0.02829935  0.03       1101.058  0.611       64.3        "     8.482     33.283" 4.11        12.515  4.868   0.0248     0.0115     1.3056917029003334  
  HCG35b      131.336  44.5089    35     0.53         0.46         1      201.528  201.631  131.3359186 44.5089695  14.2526  0.0014      5488        6.35       0.02212172  0.03       1990.44   0.042       66.4        "    15.919     63.955" 4.36        14.965  14.343  0.0241     0.0231     0.3259941903526064  
  HCG35c      131.327  44.5277    35     0.35         0.3          1      134.772  132.759  131.3267266 44.5276735  14.8215  0.0015      2865        4.86       0.02098331  0.03       1178.65   0.023       -68.2       "     8.770     41.275" 4.22        9.9     9.674   0.0199     0.0196     0.7081317837823861  
  HCG35d      131.336  44.5397    35     0.51         0.19         6      191.843  193.303  131.3362558 44.5396783  15.6783  0.0024      1305        15.36      0.008331899 0.03       535.3893  0.656       12.5        "     9.305     33.086" 4.04        12.43   4.275   0.0314     0.0113     0.6610033055633174  
  HCG35e      131.336  44.5033    35     0.24         0.14         3      88.053   91.248   131.3364546 44.5033273  16.4245  0.0028      514         3.98       0.01855011  0.88       273.7282  0.384       17.4        "     3.652     16.290" 3.81        5.2     3.203   0.0216     0.0128     1.1713411287289583  
  HCG35f      131.337  44.5332    35     0.14         0.12         1      53.932   53.846   131.3369334 44.533238   17.1016  0.007       364         5.01       0.01648818  0.07       144.335   0.215       -9.1        "     5.244     19.345" 4.82        4.618   3.625   0.031      0.0247     0.218917723032293   
  HCG37b      138.388  30.0001    37     1.88         0.28         94     718.014  710.843  138.3872996 29.9999177  13.5934  8.0E-4      11164       69.48      0.02186484  0.03       3629.067  0.849       -14.9       "    33.195    107.258" 4.02        57.601  8.69    0.0481     0.0078     2.280120028179893   
  HCG37d      138.391  30.0158    37     0.4          0.32         7      151.182  137.864  138.3911039 30.0142451  15.499   0.0026      1170        17.66      0.02121511  0.03       631.5444  0.193       0.3         "    15.619     47.335" 5.9         8.859   7.153   0.0176     0.0144     5.607001983063056   
  HCG37e      138.392  30.0398    37     0.36         0.35         1      138.43   136.486  138.3917548 30.0397985  15.6329  0.0023      1884        7.53       0.008799236 0.03       558.2637  0.025       -30.8       "     9.919     37.319" 4.32        8.761   8.543   0.0216     0.0211     0.7641702587005048  
  HCG39a      142.365  -1.34578   39     0.35         0.27         2      129.676  133.238  142.3653657 -1.3457538  15.8208  0.0031      1370        7.19       0.005682038 0.03       443.8086  0.465       61.7        "    10.247     35.155" 4.36        10.979  5.872   0.031      0.0185     1.3195321698742146  
  HCG39b      142.369  -1.34942   39     0.26         0.19         3      101.417  98.478   142.368679  -1.3494225  16.1217  0.0025      1157        4.95       0.004603074 0.03       357.534   0.172       -76.7       "     6.350     26.717" 3.81        7.548   6.249   0.0235     0.0155     1.1553145713101385  
  HCG39c      142.372  -1.35253   39     0.26         0.18         4      95.012   98.438   142.3723838 -1.3525368  16.3947  0.0028      564         6.33       0.003918077 0.03       276.7751  0.234       56.7        "     7.331     25.116" 4.77        5.764   4.414   0.0142     0.0108     1.3815119529564837  
  HCG39d      142.363  -1.33953   39     0.23         0.16         6      86.908   87.812   142.3630651 -1.3394957  16.3491  0.003       647         5.71       0.006461029 0.03       288.6409  0.335       -48.2       "     4.879     19.189" 4.04        5.81    3.862   0.0217     0.0149     0.2648431708360491  
  HCG43a      152.833  -0.0229722 43     0.7          0.27         16     266.44   265.784  152.8328966 -0.022941   14.6951  0.0014      2880        14.26      0.002445984 0.03       1324.166  0.649       -20.8       "    13.731     44.044" 3.63        18.669  6.55    0.0274     0.0112     0.3888166376754081  
  HCG43b      152.781  -0.0421944 43     1.01         0.18         36     380.276  384.303  152.7812997 -0.0420511  15.1489  0.0021      2588        18.88      0.00318941  0.03       871.8739  0.757       52.2        "    14.778     59.015" 3.94        22.996  5.586   0.0514     0.0109     1.195909658713377   
  HCG43c      152.803  -0.0675278 43     0.5          0.28         1      191.775  189.624  152.8027497 -0.0675142  14.875   0.0011      1813        5.5        0.005477897 0.03       1122.047  0.504       80.4        "     6.591     28.034" 3.54        10.434  5.173   0.0185     0.0099     0.9024085107772336  
  HCG43d      152.804  -0.0871111 43     0.3          0.27         2      112.426  114.102  152.8041731 -0.0870999  16.1343  0.003       973         9.7        0.001318139 0.03       351.7903  0.123       -42.1       "     8.279     25.330" 3.87        7.088   6.215   0.0224     0.0184     0.624462321177266   
  HCG43e      152.81   -0.0513611 43     0.27         0.25         1      106.629  103.416  152.8095459 -0.0512604  15.9452  0.0037      1270        6.52       0.003661988 0.03       418.7177  0.248       50.5        "     9.185     34.172" 4.4         9.013   6.78    0.0334     0.0252     1.6744727124849548  
  HCG44c      154.411  21.6882    44     2.16         1.1          1      820.503  817.804  154.4107629 21.6881234  11.8961  4.0E-4      40336       181.09     0.2937903   0.03       17440.03  0.435       37.9        "    58.090    172.034" 3.87        57.027  32.224  0.023      0.0127     0.8397068779344159  
  HCG45a      154.807  59.1311    45     1.21         0.39         42     455.954  457.718  154.8075458 59.131014   14.3814  0.0018      6165        10.82      0.01496654  0.03       1767.834  0.657       -15.6       "    23.251     82.601" 4.49        28.913  9.921   0.0503     0.0168     1.0546013949254176  
  HCG45b      154.772  59.1055    45     0.55         0.31         15     207.388  209.091  154.7722383 59.105565   15.4205  0.0024      2018        6.77       0.006101123 0.03       678.8818  0.377       82.7        "    10.820     41.364" 4.27        11.655  7.266   0.0315     0.0189     0.49878215783642077 
  HCG45c      154.782  59.0845    45     0.16         0.1          1      59.18    60.687   154.7823898 59.0844656  16.7641  0.0065      621         13.47      0.01577577  0.02       196.96    0.773       38.0        "     9.277     29.312" 4.84        12.159  2.762   0.0652     0.0139     0.7315268661972959  
  HCG45d      154.818  59.1376    45     0.28         0.17         4      109.132  105.727  154.8174357 59.137515   16.1397  0.0034      795         4.87       0.01451728  0.03       350.056   0.213       53.1        "     7.030     27.033" 5.05        6.03    4.744   0.0221     0.0177     1.0861034759656931  
  HCG46a      155.53   17.8381    46     0.36         0.27         1      139.557  136.389  155.5296468 17.8380877  14.7306  0.0022      3170        5.87       0.01238787  0.03       1281.575  0.254       -44.4       "    15.235     57.132" 4.83        13.562  10.12   0.0317     0.0231     1.2112025475373738  
  HCG46b      155.554  17.8538    46     0.32         0.26         2      124.772  121.228  155.5536219 17.85377    14.8457  0.0021      2783        5.21       0.01283924  0.03       1108.637  0.217       0.7         "    12.668     48.985" 4.38        12.219  9.572   0.0274     0.02       1.3001028340885163  
  HCG46c      155.553  17.8595    46     0.26         0.23         1      102.289  99.701   155.5525621 17.8596321  14.7338  0.0018      2859        5.08       0.02036298  0.03       1231.596  0.057       -77.6       "    10.463     43.272" 4.19        10.642  10.031  0.023      0.0223     1.5740319780151815  
  HCG46d      155.572  17.8819    46     0.42         0.25         1      162.533  158.897  155.5716495 17.8818336  15.0116  0.0018      2095        4.9        0.004178736 0.03       989.3496  0.387       77.5        "    10.509     37.570" 4.07        11.559  7.087   0.0231     0.015      1.224405010927061   
  HCG47a      156.443  13.7169    47     1.12         0.59         1      425.812  422.604  156.4428515 13.7166914  13.5151  9.0E-4      10213       7.45       0.02282882  0.03       3926.075  0.431       -73.2       "    26.860     87.234" 3.87        29.079  16.533  0.0271     0.0148     0.913054479679771   
  HCG47b      156.452  13.7279    47     0.61         0.54         10     226.89   231.779  156.452522  13.7279307  14.2799  0.001       2462        5.04       0.02009768  0.03       1941.14   0.071       22.9        "    12.618     45.966" 4.84        9.868   9.166   0.0102     0.0094     1.8288605220679064  
  HCG47c      156.454  13.7532    47     0.4          0.33         7      150.965  151.898  156.4541173 13.7531888  15.4711  0.0029      2019        8.13       0.01379548  0.03       607.5179  0.233       -27.7       "    12.551     42.770" 4.5         11.041  8.465   0.0294     0.0234     0.4121496973686849  
  HCG49a      164.174  67.1849    49     0.48         0.44         7      184.073  181.054  164.1734118 67.1847959  15.5721  0.0031      1670        14.16      0.002324431 0.03       581.9595  0.486       -38.2       "    11.857     38.187" 4.12        12.535  6.439   0.0362     0.0198     0.9025690547214428  
  HCG49b      164.163  67.1803    49     0.46         0.21         9      172.365  173.944  164.1636056 67.1802388  16.2828  0.0041      685         18.34      0.002748438 0.03       289.5189  0.564       -10.5       "     7.703     25.030" 4.37        8.583   3.741   0.033      0.015      0.8737708359666018  
  HCG49c      164.153  67.1812    49     0.34         0.26         6      126.737  130.352  164.153642  67.1813487  16.8049  0.008       566         14.77      0.00222334  0.0        164.6209  0.26        12.7        "     8.987     29.071" 5.12        6.751   4.994   0.0414     0.0299     1.044012062601706   
  HCG49d      164.14   67.178     49     0.34         0.22         8      127.73   129.191  164.1403602 67.178021   16.777   0.0042      384         6.4        0.002019363 0.03       194.6271  0.371       -29.1       "     4.154     16.956" 4.03        4.995   3.144   0.0259     0.0151     0.5086079676295361  
  HCG50a      169.277  54.9171    50     0.2          0.19         1      77.432   76.499   169.276726  54.9171549  16.3571  0.0065      745         6.21       0.008284639 0.03       286.5164  0.19        -6.0        "    12.377     37.150" 5.7         7.163   5.8     0.0426     0.0341     0.6004056699343325  
  HCG50b      169.285  54.9174    50     0.27         0.15         7      104.318  102.806  169.2846521 54.9174337  16.9018  0.0068      465         6.05       0.005514286 0.03       154.644   0.59        -28.5       "     7.108     23.990" 4.85        7.572   3.106   0.0454     0.019      0.7299998436859907  
  HCG50c      169.267  54.9209    50     0.19         0.17         3      72.733   72.186   169.2668597 54.9209204  17.3488  0.0105      361         6.5        0.01053016  0.02       114.9475  0.101       -82.0       "     7.712     24.720" 5.53        4.742   4.262   0.041      0.0367     0.2994190139211533  
  HCG50d      169.277  54.9237    50     0.24         0.14         8      89.52    90.361   169.2772833 54.9236297  17.486   0.0094      244         11.12      0.007078669 0.02       101.2961  0.631       -37.1       "     5.514     21.465" 4.88        5.954   2.194   0.0493     0.0164     0.638398723651229   
  HCG50e      169.286  54.9206    50     0.14         0.1          5      48.066   50.017   169.2870401 54.9202168  18.126   0.0123      143         5.07       0.01264024  0.4        56.18097  0.313       8.4         "     3.549     12.069" 4.65        3.207   2.202   0.0342     0.0223     2.556149677383043   
  HCG51b      170.559  24.3001    51     0.8          0.6          1      301.575  303.124  170.5592324 24.3000587  14.0979  0.0014      6810        10.09      0.01028705  0.03       2295.286  0.435       -89.9       "    22.593     79.309" 4.19        23.54   13.289  0.0308     0.0164     0.7768760085014831  
  HCG51c      170.625  24.2793    51     0.9          0.6          2      338.935  341.369  170.6252491 24.2793406  13.2114  9.0E-4      14666       6.74       0.0497991   0.03       5193.378  0.407       -13.0       "    25.482    108.217" 4.45        30.97   18.353  0.0312     0.0188     0.8304071512557132  
  HCG51e      170.555  24.3172    51     0.3          0.3          1      111.945  113.874  170.555248  24.3171862  14.2789  9.0E-4      3534        7.89       0.01421904  0.03       1942.918  0.079       56.2        "     8.554     36.539" 3.62        10.49   9.663   0.015      0.0134     0.8151059458775564  
  HCG51g      170.617  24.2954    51     0.23         0.19         3      85.713   87.708   170.6172157 24.2954229  15.6442  0.0031      680         3.56       0.06557643  0.92       556.7875  0.093       73.8        "     3.913     18.726" 3.91        5.047   4.576   0.0221     0.0201     0.7125336751045327  
  HCG53a      172.21   20.795     53     2.28         0.71         141    861.935  863.774  172.2102429 20.7949751  12.8344  7.0E-4      22351       14.64      0.01433434  0.03       7349.177  0.694       1.5         "    44.189    148.267" 3.65        57.972  17.728  0.0393     0.0123     0.8223761593225642  
  HCG53b      172.249  20.7391    53     0.82         0.48         15     307.503  311.605  172.2494114 20.7391665  13.7791  7.0E-4      7489        6.52       0.02166702  0.03       3078.682  0.402       24.4        "    11.514     55.050" 3.54        19.384  11.588  0.0215     0.0125     1.4056091939305022  
  HCG53c      172.244  20.7497    53     0.7          0.5          18     267.455  266.051  172.24377   20.7497607  14.4478  0.0012      5081        29.92      0.009535668 0.03       1662.922  0.248       24.4        "    17.118     57.911" 3.81        17.26   12.98   0.023      0.0152     0.8045378535353067  
  HCG53d      172.311  20.7731    53     0.49         0.27         10     184.441  186.611  172.3111834 20.7731673  15.6901  0.0027      1992        31.12      0.004693301 0.03       529.6268  0.607       -1.5        "    13.480     45.415" 4.24        15.657  6.15    0.0408     0.0164     0.663161037496439   
  HCG56a      173.195  52.9409    56     1.15         0.19         34     438.807  436.91   173.1944876 52.9410001  15.0716  0.0017      2396        56.1       0.003563387 0.03       936.2226  0.832       83.3        "    18.256     60.205" 3.72        25.404  4.266   0.0437     0.0078     1.1685993954512073  
  HCG56b      173.168  52.9504    56     0.65         0.36         1      246.77   246.782  173.1679508 52.950431   14.0079  6.0E-4      3858        9.19       0.01003042  0.03       2663.726  0.711       -34.3       "     8.071     42.314" 3.08        20.02   5.784   0.019      0.0064     0.15441124750868093 
  HCG56c      173.153  52.9477    56     0.74         0.56         16     280.143  280.22   173.1530652 52.9476692  14.4134  9.0E-4      3165        4.22       0.01441315  0.03       1613.626  0.177       -53.6       "     9.562     39.614" 3.56        11.88   9.781   0.0173     0.0124     0.17971246949577602 
  HCG56d      173.147  52.9473    56     0.42         0.26         3      158.026  159.158  173.147269  52.9472624  15.2341  0.0023      2019        11.59      0.01838096  0.03       727.4732  0.491       61.8        "    11.990     42.036" 4.19        14.131  7.194   0.0341     0.0175     0.5990034455120719  
  HCG56e      173.137  52.9393    56     0.44         0.31         1      170.151  166.62   173.1364249 52.9392582  15.4946  0.0024      1675        8.93       0.007321614 0.03       634.1063  0.268       -79.7       "     8.654     36.125" 4.31        9.499   6.951   0.0269     0.0185     1.2567668036493498  
  HCG57b      174.432  22.0098    57     1.1          0.5          29     417.903  416.601  174.4318929 22.0097561  13.753   0.0012      8807        9.26       0.01525797  0.03       3153.648  0.475       31.6        "    24.016     78.500" 3.91        27.737  14.575  0.0332     0.0161     0.3908382598959229  
  HCG57c      174.465  21.9743    57     0.8          0.7          1      302.128  302.905  174.4651628 21.9742345  13.7071  0.0012      9063        10.77      0.04065933  0.03       3175.644  0.337       59.4        "    19.714     83.033" 4.23        23.458  15.558  0.0319     0.0205     0.5924496326437948  
  HCG57d      174.479  21.9855    57     0.4          0.3          2      152.154  151.607  174.4789817 21.9854568  14.4407  0.0015      3302        7.25       0.02774153  0.03       1537.918  0.241       88.6        "    16.999     49.444" 4.04        14.372  10.914  0.0189     0.0178     0.16708785605413376 
  HCG57e      174.454  22.0261    57     0.7          0.4          1      262.13   265.677  174.4543998 22.0261195  14.4212  0.001       2911        6.32       0.01143869  0.03       1704.274  0.532       48.2        "     9.108     40.746" 3.76        14.092  6.59    0.022      0.0087     1.3360768369997258  
  HCG57f      174.474  21.9365    57     0.69         0.4          1      258.08   261.554  174.4744056 21.9365059  14.4461  0.0015      4480        6.96       0.01523263  0.03       1665.531  0.416       -84.5       "    14.112     61.318" 4.46        17.118  9.989   0.0309     0.0177     1.3546086626133669  
  HCG57g      174.435  22.0213    57     0.4          0.2          3      150.879  151.674  174.4351331 22.0212642  14.8726  0.0015      2067        5.65       0.01494175  0.03       1124.48   0.347       9.4         "     8.892     35.408" 4.13        10.471  6.835   0.0192     0.0131     0.4625214634043777  
  HCG57h      174.46   22.0126    57     0.33         0.28         1      122.345  124.828  174.4603743 22.0125261  15.8857  0.0039      1308        6.14       0.008946984 0.03       442.301   0.264       -69.8       "    10.763     37.001" 4.54        9.216   6.786   0.0306     0.0251     1.2772647797982706  
  HCG58a      175.546  10.2778    58     1.4          0.8          56     527.492  529.561  175.5463363 10.2776968  12.8305  5.0E-4      12377       9.84       0.02774082  0.03       7375.378  0.437       83.6        "    20.794     77.084" 3.62        26.879  15.126  0.02       0.0118     1.247843342414929   
  HCG58b      175.599  10.2641    58     1.68         0.96         34     637.989  637.854  175.5988335 10.2642489  12.6244  6.0E-4      17373       8.28       0.04187709  0.03       8917.782  0.303       61.2        "    19.875     89.841" 3.56        29.824  20.779  0.0255     0.017      0.7970018031031086  
  HCG58c      175.471  10.3044    58     1.09         0.84         48     415.54   412.595  175.470716  10.3043554  13.1125  6.0E-4      13909       10.02      0.01700817  0.03       5688.5    0.196       15.5        "    26.202     82.036" 3.41        26.493  21.294  0.0195     0.0161     1.0186435233243583  
  HCG58d      175.524  10.3511    58     0.91         0.73         1      340.858  345.265  175.5244632 10.3511292  13.5126  8.0E-4      9606        5.58       0.0249491   0.03       3935.01   0.164       59.4        "    17.856     72.400" 3.93        20.094  16.796  0.0206     0.0177     1.6437460687766337  
  HCG58e      175.52   10.3842    58     0.65         0.5          1      244.543  241.877  175.5202189 10.3836915  14.328   0.0016      5272        35.03      0.006271681 0.02       1856.913  0.26        -64.9       "    22.717     67.481" 4.01        19.322  14.294  0.0263     0.0195     1.9879457461535808  
  HCG59a      177.115  12.7274    59     0.59         0.54         10     225.574  222.778  177.1147661 12.7273205  13.8416  9.0E-4      5492        12.1       0.01573825  0.03       2906.452  0.223       6.0         "    13.076     52.671" 3.85        15.336  11.921  0.0188     0.0136     0.8697857620071582  
  HCG59b      177.084  12.7166    59     0.5          0.5          1      191.061  189.139  177.083824  12.7165603  14.4828  0.0016      3900        8.44       0.009615706 0.03       1610.168  0.109       -0.3        "    13.503     51.949" 4.21        13.054  11.627  0.0233     0.0208     0.6343676012117768  
  HCG59c      177.135  12.7053    59     0.9          0.29         20     338.116  340.565  177.1353252 12.7052521  15.3088  0.0031      2677        32.85      0.002689274 0.0        752.4664  0.695       -1.9        "    19.211     63.812" 4.06        22.19   6.773   0.0603     0.0185     1.1549991825282018  
  HCG60a      180.78   51.6752    60     0.58         0.45         1      222.222  219.42   180.7796058 51.6751362  14.2769  0.0017      5567        7.67       0.02529821  0.03       1728.294  0.148       -13.3       "    21.368     77.793" 4.77        17.512  14.918  0.0304     0.0268     0.9095021182799903  
  HCG60b      180.736  51.695     60     0.38         0.21         6      143.185  147.83   180.7361446 51.6954212  15.523   0.0032      1851        17.99      0.004847107 0.03       617.7509  0.347       23.0        "    12.783     44.359" 4.62        11.947  7.801   0.0352     0.022      1.55027091073552    
  HCG60c      180.779  51.6854    60     0.37         0.26         1      141.229  139.628  180.7788706 51.6853041  15.7374  0.0041      1696        14.28      0.01241879  0.02       444.5421  0.458       -87.0       "    15.172     48.559" 4.9         13.083  7.089   0.0444     0.0242     0.45011402388026006 
  HCG60d      180.79   51.6782    60     0.34         0.28         1      129.379  128.133  180.7899328 51.6781047  15.6511  0.0034      1501        5.7        0.01565915  0.03       492.491   0.088       -9.9        "    10.670     38.327" 4.69        8.604   7.849   0.0288     0.0276     0.37444183031994543 
  HCG66a      204.659  57.3123    66     0.45         0.39         2      168.209  170.473  204.6594666 57.312297   14.4063  0.0015      4403        6.46       0.01824266  0.03       1596.368  0.132       34.0        "    15.253     58.024" 4.36        14.259  12.379  0.0241     0.0219     0.907234930761752   
  HCG66b      204.668  57.3125    66     0.49         0.27         1      184.441  185.606  204.6683176 57.3124566  15.4685  0.0029      1761        10.5       0.01460559  0.03       562.3463  0.44        66.6        "    12.801     45.039" 4.65        12.473  6.984   0.0371     0.0195     0.6369395664396995  
  HCG66c      204.646  57.3082    66     0.32         0.16         3      119.787  121.072  204.6463488 57.3081529  15.8665  0.0022      945         7.42       0.0140194   0.03       450.1844  0.497       75.5        "     5.590     23.257" 3.97        8.023   4.034   0.0241     0.0127     0.6990926077223568  
  HCG66d      204.643  57.3043    66     0.17         0.12         2      62.448   64.789   204.6434179 57.3043318  16.8219  0.0038      353         5.12       0.01896276  0.04       186.7482  0.257       -1.0        "     3.707     14.930" 4.12        4.147   3.083   0.0203     0.0138     0.8206875729975037  
  HCG68d      208.44   40.3387    68     1.12         0.72         1      425.477  424.469  208.4398591 40.3386966  13.1347  6.0E-4      11369       7.53       0.03250809  0.03       5573.518  0.325       -61.1       "    18.352     76.270" 3.88        23.383  15.784  0.0201     0.013      0.38682790490680513 
  HCG68e      208.502  40.2773    68     1.24         0.49         31     471.84   470.127  208.5017347 40.277314   13.5901  7.0E-4      7432        8.94       0.01374807  0.03       3663.965  0.623       49.6        "    15.109     67.115" 3.64        25.277  9.517   0.0252     0.0094     0.7303948464008689  
  HCG69b      208.893  25.0498    69     0.59         0.38         1      221.251  223.336  208.8932731 25.0497819  14.7268  0.0012      2897        6.2        0.003410132 0.03       1286.142  0.33        -23.1       "    10.969     36.988" 3.43        12.52   8.387   0.0196     0.0128     0.8930644326310798  
  HCG69c      208.886  25.0744    69     0.45         0.37         5      173.641  170.665  208.8856185 25.0744182  14.7918  0.0012      2496        6.4        0.01288367  0.03       1228.691  0.34        18.5        "     7.670     33.830" 3.92        10.582  6.986   0.0176     0.0118     1.2456925573133322  
  HCG69d      208.868  25.0736    69     0.11         0.09         77     645.581  597.296  208.8682823 25.0735675  15.7961  0.0021      873         6.47       0.01294261  0.03       441.6237  0.486       -49.1       "     6.991     25.091" 3.71        9.265   4.762   0.0281     0.0129     0.9279158829951     
  HCG70d      211.041  33.346     70     0.48         0.4          9      181.047  182.477  211.0411255 33.3460525  14.956   0.0016      3056        13.92      0.004908066 0.03       1040.736  0.257       1.8         "    12.369     44.448" 3.81        13.18   9.789   0.0243     0.0167     0.42209671492924894 
  HCG70e      211.024  33.3207    70     0.4          0.4          1      148.487  152.068  211.0244625 33.3207074  15.2425  0.0018      2406        10.87      0.004849648 0.03       799.8273  0.148       -76.7       "    10.661     36.183" 3.72        10.54   8.98    0.0224     0.0193     1.3915438737570442  
  HCG70f      211.018  33.3292    70     0.26         0.21         1      100.195  98.749   211.0177769 33.3292274  16.3659  0.0049      1277        17.09      0.002684286 0.01       284.2134  0.215       -69.8       "    12.114     36.750" 4.24        9.708   7.618   0.0394     0.0289     0.6782729695669609  
  HCG70g      211.001  33.3317    70     0.24         0.21         1      94.311   91.795   211.0005641 33.3317875  15.1829  0.0012      2062        5.58       0.004220973 0.03       844.9487  0.264       -75.9       "     5.192     28.106" 3.1         10.448  7.688   0.0262     0.0192     1.3484141942204222  
  HCG72a      221.972  19.0771    72     0.5          0.1          11     185.252  189.05   221.9724944 19.0770506  14.8732  0.0011      2213        0.0        0.007856873 0.03       1123.84   0.599       15.1        "     6.742     32.241" 3.53        12.668  5.08    0.0229     0.0095     1.6914657523548537  
  HCG72c      221.987  19.0451    72     0.6          0.2          10     229.709  227.393  221.986743  19.0450882  14.7838  0.0016      1869        0.0        0.01926623  0.03       1220.29   0.276       52.1        "    12.487     44.825" 5.22        9.871   7.143   0.0156     0.0111     0.875587533125348   
  HCG74d      229.882  20.8836    74     0.33         0.26         1      121.801  125.064  229.8824355 20.8835521  15.31    0.0021      1950        0.0        0.01417186  0.03       751.6381  0.221       -30.8       "     8.978     37.190" 4.31        9.669   7.528   0.0244     0.0184     1.4749211100045683  
  HCG74e      229.866  20.9089    74     0.2          0.13         9      104.566  255.384  229.865764  20.9088371  16.8759  0.0047      437         0.0        0.01666648  0.03       177.6862  0.355       -18.6       "     5.234     19.477" 4.63        5.305   3.421   0.0249     0.0167     0.8253244656884322  
  HCG75c      230.412  21.177     75     0.35         0.23         1      136.193  132.657  230.4116234 21.1769623  15.2413  0.0018      2899        0.0        0.00622264  0.03       800.6922  0.275       71.4        "    11.630     42.635" 3.95        12.538  9.096   0.0255     0.0186     1.2714684978181838  
  HCG75d      230.405  21.1815    75     0.33         0.18         10     125.4    125.834  230.4050118 21.1815367  15.5907  0.0021      1645        0.0        0.008123691 0.03       573.1214  0.519       25.1        "    10.003     35.426" 4.03        11.909  5.733   0.0281     0.0129     0.1379298803875731  
  HCG75e      230.392  21.179     75     0.4          0.18         2      151.28   152.217  230.392085  21.1790239  15.4645  0.0016      1565        0.0        0.01358206  0.03       651.9196  0.555       -61.7       "     7.193     30.353" 3.87        10.76   4.789   0.0245     0.0109     0.29802181622127044 
  HCG75f      230.374  21.1855    75     0.21         0.17         4      77.46    80.339   230.3742997 21.1855373  15.8163  0.002       851         0.0        0.03718858  0.21       479.8834  0.344       22.8        "     4.232     19.081" 3.62        6.334   4.158   0.0197     0.0126     1.014923586983439   
  HCG76a      232.948  7.30814    76     0.7          0.2          40     261.814  265.572  232.9484087 7.3081479   14.3913  7.0E-4      3591        0.0        0.005508505 0.03       1751.853  0.683       23.1        "    11.353     44.459" 3.47        18.532  5.883   0.0216     0.0068     1.4596446349282426  
  HCG76c      232.903  7.31242    76     0.71         0.67         1      265.256  269.057  232.9034152 7.3124262   13.8564  9.0E-4      9660        0.0        0.02749906  0.03       2867.116  0.076       51.4        "    16.356     74.860" 4.11        18.924  17.487  0.0221     0.02       1.4827312503392784  
  HCG76d      232.926  7.28739    76     0.58         0.49         1      220.779  219.966  232.9259136 7.2873863   14.4006  0.001       5151        0.0        0.01054997  0.03       1736.766  0.072       -71.5       "    11.276     49.761" 3.71        13.923  12.923  0.019      0.018      0.30881493645479985 
  HCG76e      232.959  7.31161    76     0.27         0.25         1      100.996  102.665  232.9591668 7.3116282   15.8734  0.0024      1387        0.0        0.004773249 0.03       447.3497  0.192       -2.7        "     8.030     28.437" 3.92        8.123   6.566   0.0211     0.0185     0.5991902884686373  
  HCG76g      232.9    7.34975    76     1.2          0.21         103    453.827  455.032  232.9001301 7.3497535   16.1312  0.004       1346        0.0        0.007311412 0.01       352.7831  0.794       47.8        "    17.196     44.609" 4.65        19.677  4.047   0.0548     0.0128     0.4646826875196464  
  HCG81a      244.557  12.8029    81     0.4          0.15         6      152.957  152.694  244.556892  12.8029764  15.7934  0.0021      770         0.0        0.004236324 0.03       481.5505  0.425       -75.4       "     7.957     28.974" 4.48        7.565   4.347   0.0148     0.0082     0.46839014398442824 
  HCG81b      244.559  12.7887    81     0.39         0.18         12     152.055  150.408  244.5585427 12.7889648  15.2991  0.0016      1045        0.0        0.01445199  0.03       759.2257  0.475       84.6        "     7.641     31.626" 4.94        8.292   4.35    0.0143     0.0072     1.8671315312873813  
  HCG82a      247.093  32.8493    82     0.9          0.7          21     338.965  341.658  247.0932665 32.8493724  13.3132  7.0E-4      9414        0.0        0.04349638  0.03       4728.378  0.307       -49.3       "    26.275     95.341" 5.07        22.264  15.425  0.0159     0.0108     0.8470867529256976  
  HCG82b      247.116  32.8464    82     0.81         0.57         31     305.44   306.869  247.1162043 32.8463856  13.8902  0.001       8878        0.0        0.02122036  0.03       2779.15   0.216       -46.1       "    20.815     78.388" 4.26        20.856  16.345  0.0237     0.0178     0.6200679318981642  
  HCG82c      247.086  32.8106    82     0.84         0.32         32     318.554  316.938  247.085993  32.8104282  14.7554  0.0021      2919        0.0        0.006478556 0.0        1252.735  0.554       65.6        "    16.657     62.434" 4.32        18.432  8.225   0.0372     0.0158     0.6188425431413112  
  HCG82d      247.07   32.8133    82     0.49         0.19         10     183.388  186.044  247.0703419 32.8133049  15.4742  0.0016      1019        0.0        0.005142103 0.03       646.1314  0.621       39.6        "     5.312     24.490" 3.53        9.241   3.5     0.0233     0.0078     1.0345985612350281  
  HCG84a      251.095  77.8388    84     0.59         0.49         12     222.896  224.255  251.0953153 77.8388831  14.1871  0.0014      2837        0.0        0.02357297  0.03       2114.212  0.315       -88.5       "    17.232     58.320" 5.26        13.11   8.974   0.0178     0.0118     0.38298082054569055 
  HCG84b      251.056  77.8586    84     0.48         0.21         10     181.737  182.254  251.0561375 77.858628   15.2671  0.0018      1301        0.0        0.009994733 0.03       699.0552  0.527       33.5        "     8.653     32.564" 3.92        10.693  5.056   0.0256     0.012      0.14491270430449632 
  HCG84c      251.125  77.8303    84     0.5          0.25         14     189.881  189.319  251.1248012 77.8302801  15.243   0.0026      1728        0.0        0.0173731   0.03       699.354   0.42        -64.3       "    12.036     41.044" 4.66        11.496  6.669   0.0304     0.0188     0.16701610387768193 
  HCG84d      251.01   77.8565    84     0.27         0.15         12     106.826  102.507  251.0077381 77.8565008  16.1311  0.0023      544         0.0        0.01354134  0.03       352.8228  0.59        5.6         "     4.448     18.507" 3.68        6.706   2.747   0.0212     0.0083     1.7129371358756897  
  HCG84e      251.112  77.8381    84     0.15         0.15         2      56.571   57.818   251.1122239 77.83819    16.2085  0.0092      349         0.0        0.05872026  0.02       229.7594  0.18        -72.9       "     9.041     25.725" 5.74        4.862   3.986   0.0423     0.0332     0.36580324166714523 
  HCG88a      313.148  -5.71114   88     1.77         0.65         92     671.513  669.809  313.147513  -5.7112149  12.8503  8.0E-4      14327       0.0        0.03411432  0.03       7242.437  0.617       36.4        "    33.687    117.245" 3.78        41.27   15.796  0.0316     0.0127     1.765213014814753   
  HCG88b      313.124  -5.74611   88     1.22         0.9          1      462.558  461.686  313.1237852 -5.7462007  12.917   9.0E-4      15824       0.0        0.05084992  0.03       6810.875  0.212       62.0        "    34.772    113.503" 3.99        31.321  24.692  0.0286     0.0214     0.8358128585730215  
  HCG88c      313.108  -5.77231   88     0.98         0.84         64     367.784  372.772  313.1084109 -5.7721701  13.7969  0.0019      8398        0.0        0.02260897  0.08       3028.469  0.07        35.4        "    32.990    103.835" 4.71        22.782  21.176  0.0374     0.0336     1.5555290679351315  
  HCG88d      313.053  -5.79833   88     0.7          0.29         30     264.247  265.685  313.0531386 -5.7983096  14.8492  0.0026      3201        0.0        0.006580525 0.0        1149.025  0.775       -20.0       "    22.310     63.949" 4.31        27.682  6.235   0.0593     0.0141     0.5018102220425626  
  HCG89a      320.004  -3.92214   89     0.9          0.6          1      339.488  341.44   320.0041667 -3.9220916  14.4325  0.0024      6649        0.0        0.00700573  0.03       1686.59   0.47        -35.2       "    30.299     85.136" 4.14        27.701  14.678  0.0494     0.0267     0.6235532195023857  
  HCG89b      320.08   -3.89603   89     0.7          0.34         35     266.921  265.327  320.0798434 -3.8960491  15.1609  0.0031      3047        0.0        0.00424574  0.02       862.2737  0.518       53.9        "    19.527     63.959" 4.14        19.595  9.448   0.0494     0.022      0.5666444825779424  
  HCG89c      320.035  -3.91761   89     0.48         0.29         1      183.275  181.15   320.0348594 -3.9177034  15.5037  0.0035      2033        0.0        0.003562898 0.01       628.792   0.453       -86.5       "    14.989     51.970" 4.34        14.354  7.847   0.0426     0.0225     0.6066789529018438  
  HCG89d      320.033  -3.90836   89     0.27         0.17         5      100.644  104.641  320.0332046 -3.9081245  16.4345  0.0055      814         0.0        0.001835896 0.0        266.806   0.482       -14.3       "    10.646     30.348" 4.46        9.711   5.026   0.0372     0.0217     1.1219470249794163  
  HCG92e      338.966  33.9449    92     1.1          1.1          2      416.065  417.375  338.9661239 33.9449412  13.6738  8.0E-4      5754        0.0        0.03444418  0.03       3288.487  0.145       -2.2        "    13.092     54.630" 4.07        14.532  12.417  0.0149     0.0123     0.39864298471318216 
  HCG92f      339.085  33.985     92     0.7          0.6          1      266.054  266.527  339.0849266 33.985113   14.9333  0.0026      4277        0.0        0.007351331 0.03       1063.328  0.209       -78.6       "    23.214     68.672" 4.54        17.122  13.538  0.038      0.0281     0.4620525382771135  
  HCG93a      348.817  18.9618    93     1.4          1.2          1      531.419  527.035  348.8168931 18.9614188  11.9551  4.0E-4      42529       0.0        0.1173852   0.03       16517.71  0.068       56.6        "    41.583    170.469" 4.3         41.046  38.271  0.0218     0.0207     1.419763027129378   
  HCG93b      348.822  19.0417    93     2.8          0.7          82     1063.108 1066.114 348.8217547 19.0422625  12.9273  9.0E-4      18414       0.0        0.03630865  0.0        6746.689  0.519       -66.8       "    37.899    147.399" 4.32        46.932  22.59   0.0412     0.0139     2.1903071374592953  
  HCG93c      348.764  18.9734    93     1.1          0.5          1      412.076  415.395  348.7645728 18.9732234  13.186   7.0E-4      11798       0.0        0.02822685  0.03       5316.035  0.567       14.8        "    24.247     94.818" 4.06        32.059  13.896  0.0257     0.0107     2.051066994859205   
  HCG93d      348.888  19.0482    93     0.7          0.6          11     265.989  265.211  348.8879431 19.0481682  14.2344  0.001       4522        0.0        0.009323749 0.03       2024.129  0.122       75.9        "    10.475     45.680" 3.8         12.806  11.249  0.0179     0.0158     0.22493526745679102 
  HCG94c      349.334  18.7349    94     0.67         0.29         1      251.452  252.654  349.334296  18.7347519  14.6348  0.0014      3222        0.0        0.01800386  0.03       1399.909  0.609       74.3        "    12.133     50.488" 4.21        17.733  6.927   0.0292     0.011      1.1413246527754866  
  HCG94e      349.314  18.7274    94     0.49         0.12         2      183.931  186.79   349.3142403 18.7274869  16.1066  0.0047      936         0.0        0.02328797  0.02       360.8729  0.732       -88.5       "    14.634     39.997" 5.68        13.405  3.597   0.0518     0.0151     0.8769767010447677  
  HCG94f      349.327  18.7396    94     0.23         0.17         1      87.565   86.937   349.3269924 18.7395381  16.2995  0.004       751         0.0        0.01980773  0.75       302.1376  0.177       64.4        "     6.117     27.079" 4.92        6.064   4.989   0.0279     0.0233     0.22434119870350355 
  HCG94g      349.333  18.7495    94     0.2          0.11         1      75.503   75.387   349.3330577 18.7494326  16.8577  0.0042      417         0.0        0.01372015  0.03       180.6816  0.469       -52.5       "     4.689     18.658" 4.31        5.604   2.977   0.0265     0.0135     0.3123521394736559  
  HCG95d      349.866  9.49436    95     0.74         0.15         20     281.143  282.604  349.8659283 9.4945914   15.6671  0.0027      1501        0.0        0.003466211 0.03       540.9594  0.815       56.9        "    13.590     44.865" 3.83        19.486  3.605   0.0533     0.01       0.8710733200412537  
  HCG96a      351.986  8.77903    96     1.1          1.0          28     417.015  416.958  351.9863316 8.7790231   12.968   7.0E-4      15486       0.0        0.03542235  0.03       6498.314  0.09        45.3        "    29.473     91.794" 3.6         27.071  24.647  0.0206     0.0189     1.1800357585087458  
  HCG96b      352.025  8.76858    96     0.62         0.47         1      237.613  234.654  352.0247092 8.7685419   13.5186  8.0E-4      8372        0.0        0.02249254  0.03       3913.506  0.227       -52.6       "    14.549     64.197" 3.84        18.761  14.498  0.0211     0.016      1.0436961224331194  
  HCG96c      351.995  8.78281    96     0.41         0.29         1      157.301  155.168  351.9947996 8.7827734   14.7286  0.0011      2062        0.0        0.01446049  0.03       1313.442  0.273       -43.6       "     7.480     28.876" 3.49        9.516   6.922   0.0167     0.0123     0.7250531246209345  
  HCG96d      352.001  8.76733    96     0.22         0.12         1      88.55    84.465   352.000438  8.7674361   16.3363  0.0035      663         0.0        0.005387924 0.03       292.0597  0.459       -89.9       "     6.815     22.759" 4.03        7.266   3.928   0.027      0.0143     2.0357140743932303  
  HCG97a      356.846  -2.30067   97     1.7          1.1          13     645.708  644.839  356.8458119 -2.3005777  12.7216  7.0E-4      8841        0.0        0.08776084  0.03       8153.807  0.323       62.5        "    37.816    115.350" 5.77        23.79   16.112  0.0152     0.01       0.7538015307520388  
  HCG97b      356.908  -2.31667   97     1.06         0.12         47     405.363  402.167  356.9076298 -2.3166517  14.4499  0.0017      4558        0.0        0.01182009  0.03       1659.716  0.812       49.0        "    26.861     71.713" 4.21        34.117  6.399   0.0486     0.0111     1.3332593959167478  
  HCG97c      356.849  -2.35125   97     0.78         0.49         1      293.531  295.138  356.8492167 -2.3512898  13.7404  9.0E-4      6532        0.0        0.02149249  0.03       3190.348  0.397       -52.6       "    15.656     62.335" 3.92        19.55   11.794  0.0222     0.0127     0.7925225837180763  
  HCG97e      356.833  -2.28067   97     0.39         0.33         5      149.252  146.838  356.8328622 -2.2807978  15.2198  0.0021      1707        0.0        0.02384655  0.03       816.7688  0.26        -1.2        "     7.730     35.488" 4.49        9.115   6.742   0.024      0.0182     0.6762981814468484  
  HCG99a      0.158083 28.3846    99     1.1          0.4          1      417.005  416.948  0.1580823   28.3845943  13.6396  7.0E-4      5353        0.0        0.01318621  0.03       2964.84   0.584       -84.1       "    19.420     69.021" 3.69        23.753  9.873   0.022      0.0096     0.02063941982620337 
  HCG99b      0.195667 28.402     99     1.0          0.9          1      379.66   378.941  0.1955845   28.4019935  13.3127  8.0E-4      12025       0.0        0.04352681  0.03       4617.63   0.138       -63.6       "    21.027     84.876" 4.02        22.68   19.549  0.0222     0.0184     0.2622965685234709  
  HCG99c      0.183333 28.4014    99     0.8          0.4          2      301.704  303.965  0.1835576   28.4014511  14.0955  0.0015      6692        0.0        0.02782895  0.03       2143.542  0.303       8.4         "    25.863     76.874" 4.29        22.194  15.47   0.027      0.0215     0.7346443443554928  
  HCG99d      0.187875 28.3717    99     0.72         0.46         17     272.136  273.223  0.1879831   28.3717245  15.8434  0.003       1380        0.0        0.003885291 0.07       459.8592  0.402       72.0        "     9.263     33.369" 4.18        9.857   5.899   0.0294     0.0188     0.3535923256331543  
  HCG99e      0.176708 28.369     99     0.38         0.3          8      144.421  144.153  0.1766553   28.3690169  16.3634  0.0026      619         0.0        0.004029974 0.04       284.8601  0.306       13.4        "     4.600     17.600" 3.8         5.489   3.811   0.019      0.0138     0.17767677789072786 
  HCG100a     0.333208 13.1112    100    1.0          0.6          29     378.196  379.239  0.3332988   13.1112263  12.9742  5.0E-4      9303        0.0        0.01734427  0.03       6461.01   0.469       -9.1        "    16.840     65.074" 3.32        24.029  12.768  0.0192     0.01       0.33213943096348664 
  HCG100b     0.3585   13.113     100    0.58         0.52         12     215.805  215.464  0.3589738   13.112501   14.4844  0.0023      3646        0.0        0.01193722  0.03       1607.795  0.324       48.1        "    18.742     63.983" 4.48        16.738  11.319  0.0344     0.0217     2.446764365053396   
  HCG100c     0.30575  13.1441    100    0.9          0.5          24     340.637  340.542  0.3057911   13.1440496  14.9773  0.0032      2617        0.0        0.005354055 0.03       1021.167  0.603       -18.5       "    18.743     59.537" 4.71        18.421  7.311   0.0515     0.0215     0.2316906778207466  
  HCG100d     0.312375 13.1126    100    0.53         0.2          10     195.578  205.9    0.3129874   13.113139   15.8121  0.0055      1291        0.0        0.005594033 0.0        473.3204  0.7         -39.4       "    16.134     51.580" 4.97        15.895  4.765   0.0651     0.0209     2.8940322782118173  
